 MeshVersionFormatted 2
 Dimension
 3
 Vertices
 461
                    0                         0           3.1415926535898      1
                    0                         0                         0      2
                    0           3.1415926535898           3.1415926535898      3
                    0           3.1415926535898                         0      4
      3.1415926535898                         0           3.1415926535898      5
      3.1415926535898                         0                         0      6
      3.1415926535898           3.1415926535898           3.1415926535898      7
      3.1415926535898           3.1415926535898                         0      8
                    0                         0          0.44879895051283      1
                    0                         0          0.89759790102566      1
                    0                         0           1.3463968515385      1
                    0                         0           1.7951958020513      1
                    0                         0           2.2439947525641      1
                    0                         0            2.692793703077      1
                    0          0.44879895051283           3.1415926535898      2
                    0          0.89759790102566           3.1415926535898      2
                    0           1.3463968515385           3.1415926535898      2
                    0           1.7951958020513           3.1415926535898      2
                    0           2.2439947525641           3.1415926535898      2
                    0            2.692793703077           3.1415926535898      2
                    0           3.1415926535898          0.44879895051283      3
                    0           3.1415926535898          0.89759790102566      3
                    0           3.1415926535898           1.3463968515385      3
                    0           3.1415926535898           1.7951958020513      3
                    0           3.1415926535898           2.2439947525641      3
                    0           3.1415926535898            2.692793703077      3
                    0          0.44879895051283                         0      4
                    0          0.89759790102566                         0      4
                    0           1.3463968515385                         0      4
                    0           1.7951958020513                         0      4
                    0           2.2439947525641                         0      4
                    0            2.692793703077                         0      4
      3.1415926535898                         0          0.44879895051283      5
      3.1415926535898                         0          0.89759790102566      5
      3.1415926535898                         0           1.3463968515385      5
      3.1415926535898                         0           1.7951958020513      5
      3.1415926535898                         0           2.2439947525641      5
      3.1415926535898                         0            2.692793703077      5
      3.1415926535898          0.44879895051283           3.1415926535898      6
      3.1415926535898          0.89759790102566           3.1415926535898      6
      3.1415926535898           1.3463968515385           3.1415926535898      6
      3.1415926535898           1.7951958020513           3.1415926535898      6
      3.1415926535898           2.2439947525641           3.1415926535898      6
      3.1415926535898            2.692793703077           3.1415926535898      6
      3.1415926535898           3.1415926535898          0.44879895051283      7
      3.1415926535898           3.1415926535898          0.89759790102566      7
      3.1415926535898           3.1415926535898           1.3463968515385      7
      3.1415926535898           3.1415926535898           1.7951958020513      7
      3.1415926535898           3.1415926535898           2.2439947525641      7
      3.1415926535898           3.1415926535898            2.692793703077      7
      3.1415926535898          0.44879895051283                         0      8
      3.1415926535898          0.89759790102566                         0      8
      3.1415926535898           1.3463968515385                         0      8
      3.1415926535898           1.7951958020513                         0      8
      3.1415926535898           2.2439947525641                         0      8
      3.1415926535898            2.692793703077                         0      8
     0.44879895051283                         0                         0      9
     0.89759790102566                         0                         0      9
      1.3463968515385                         0                         0      9
      1.7951958020513                         0                         0      9
      2.2439947525641                         0                         0      9
       2.692793703077                         0                         0      9
     0.44879895051283                         0           3.1415926535898      10
     0.89759790102566                         0           3.1415926535898      10
      1.3463968515385                         0           3.1415926535898      10
      1.7951958020513                         0           3.1415926535898      10
      2.2439947525641                         0           3.1415926535898      10
       2.692793703077                         0           3.1415926535898      10
     0.44879895051283           3.1415926535898                         0      11
     0.89759790102566           3.1415926535898                         0      11
      1.3463968515385           3.1415926535898                         0      11
      1.7951958020513           3.1415926535898                         0      11
      2.2439947525641           3.1415926535898                         0      11
       2.692793703077           3.1415926535898                         0      11
     0.44879895051283           3.1415926535898           3.1415926535898      12
     0.89759790102566           3.1415926535898           3.1415926535898      12
      1.3463968515385           3.1415926535898           3.1415926535898      12
      1.7951958020513           3.1415926535898           3.1415926535898      12
      2.2439947525641           3.1415926535898           3.1415926535898      12
       2.692793703077           3.1415926535898           3.1415926535898      12
                    0           2.7393072870346           1.5784951793445      1
                    0           0.3975458919815           1.5765225099012      1
                    0           1.5741012886201           2.7548294818533      1
                    0           1.5685196752685          0.39565222181632      1
                    0          0.40443020760799          0.71917341625677      1
                    0          0.40265953384717           2.4175045607581      1
                    0           2.4510368680035          0.39455560334683      1
                    0           2.4510368680035           2.7629426376167      1
                    0           2.0172532109757           2.7549095940809      1
                    0           1.7953562846335           2.3648994611557      1
                    0           1.3437364456481           2.3782093028064      1
                    0           1.5635460082501           1.9819589657342      1
                    0           2.0184136379806           1.9767503734804      1
                    0           1.7937904757393           1.5881661152546      1
                    0           1.3381205794022           1.5921260390707      1
                    0           1.5691827270535           1.1941509071429      1
                    0           2.0190921229655           1.1977650829504      1
                    0           1.1203490643025           1.1932602545136      1
                    0          0.87350764807185           1.5877874777894      1
                    0          0.66615783082659           1.1680509890529      1
                    0          0.88443190818968          0.77089022488595      1
                    0          0.65528713449305           2.0018313063588      1
                    0           1.7946727775739          0.80218155504438      1
                    0            2.240930829458          0.80366058659993      1
                    0           2.4683942278206           1.1982361919103      1
                    0           2.7269578536043          0.74578650378132      1
                    0           1.1122566756917           1.9920399697979      1
                    0           0.8896648593823           2.3882331807497      1
                    0           2.0176207059704          0.40929359205965      1
                    0           1.3463968515385          0.77857600513701      1
                    0           1.1126088355343          0.39050601032183      1
                    0           2.2405413220818           2.3665551519723      1
                    0           2.4626675109072           1.9820922558782      1
                    0           2.2439947525641           1.5869074842462      1
                    0            2.727347770044           2.4115746854067      1
                    0           1.1222865942659           2.7633168554192      1
                    0          0.68222221938054           2.7754438599265      1
                    0          0.67910967993212          0.36789332136446      1
                    0          0.29362678608322            1.141548333555      1
                    0           2.8415182155944           2.0132815957265      1
                    0           2.8435689351278           1.1533025255201      1
                    0          0.27767210645124           2.0195952773077      1
                    0           2.8130490194308          0.32854363415898      1
                    0           2.8130490194308           2.8130490194308      1
                    0          0.32854363415898           2.8130490194308      1
                    0          0.32679027672225          0.32679027672225      1
      3.1415926535898           2.7393072870346           1.5784951793445      2
      3.1415926535898           0.3975458919815           1.5765225099012      2
      3.1415926535898           1.5741012886201           2.7548294818533      2
      3.1415926535898           1.5685196752685          0.39565222181632      2
      3.1415926535898          0.40443020760799          0.71917341625677      2
      3.1415926535898          0.40265953384717           2.4175045607581      2
      3.1415926535898           2.4510368680035          0.39455560334683      2
      3.1415926535898           2.4510368680035           2.7629426376167      2
      3.1415926535898           2.0172532109757           2.7549095940809      2
      3.1415926535898           1.7953562846335           2.3648994611557      2
      3.1415926535898           1.3437364456481           2.3782093028064      2
      3.1415926535898           1.5635460082501           1.9819589657342      2
      3.1415926535898           2.0184136379806           1.9767503734804      2
      3.1415926535898           1.7937904757393           1.5881661152546      2
      3.1415926535898           1.3381205794022           1.5921260390707      2
      3.1415926535898           1.5691827270535           1.1941509071429      2
      3.1415926535898           2.0190921229655           1.1977650829504      2
      3.1415926535898           1.1203490643025           1.1932602545136      2
      3.1415926535898          0.87350764807185           1.5877874777894      2
      3.1415926535898          0.66615783082659           1.1680509890529      2
      3.1415926535898          0.88443190818968          0.77089022488595      2
      3.1415926535898          0.65528713449305           2.0018313063588      2
      3.1415926535898           1.7946727775739          0.80218155504438      2
      3.1415926535898            2.240930829458          0.80366058659993      2
      3.1415926535898           2.4683942278206           1.1982361919103      2
      3.1415926535898           2.7269578536043          0.74578650378132      2
      3.1415926535898           1.1122566756917           1.9920399697979      2
      3.1415926535898           0.8896648593823           2.3882331807497      2
      3.1415926535898           2.0176207059704          0.40929359205965      2
      3.1415926535898           1.3463968515385          0.77857600513701      2
      3.1415926535898           1.1126088355343          0.39050601032183      2
      3.1415926535898           2.2405413220818           2.3665551519723      2
      3.1415926535898           2.4626675109072           1.9820922558782      2
      3.1415926535898           2.2439947525641           1.5869074842462      2
      3.1415926535898            2.727347770044           2.4115746854067      2
      3.1415926535898           1.1222865942659           2.7633168554192      2
      3.1415926535898          0.68222221938054           2.7754438599265      2
      3.1415926535898          0.67910967993212          0.36789332136446      2
      3.1415926535898          0.29362678608322            1.141548333555      2
      3.1415926535898           2.8415182155944           2.0132815957265      2
      3.1415926535898           2.8435689351278           1.1533025255201      2
      3.1415926535898          0.27767210645124           2.0195952773077      2
      3.1415926535898           2.8130490194308          0.32854363415898      2
      3.1415926535898           2.8130490194308           2.8130490194308      2
      3.1415926535898          0.32854363415898           2.8130490194308      2
      3.1415926535898          0.32679027672225          0.32679027672225      2
      2.7431942389966                         0           1.5803961217059      3
     0.40710502531911                         0           1.5789448320578      3
      1.5661785251161                         0          0.39918702602477      3
      1.5707963267949                         0           2.7529213612539      3
     0.40878311193235                         0          0.73775515535373      3
      2.4510368680035                         0          0.39476117342437      3
     0.69055578558634                         0           2.7629426376167      3
      2.7373273883866                         0           2.4095198911136      3
      2.0159272355806                         0           2.7550391061325      3
      1.7945844617635                         0           2.3646030263977      3
      1.3462949614905                         0           2.3643088951646      3
      1.5706774550723                         0           1.9756474072031      3
      1.1224174248603                         0           1.9758637773644      3
      1.3469038898878                         0           1.5872301807844      3
      1.7952604964891                         0           1.5869727054394      3
      1.5698295933119                         0           1.1937022464275      3
      2.0194449374669                         0           1.1974914045287      3
      1.1192854077636                         0           1.1944206405325      3
      2.2476759928488                         0           2.3674204286857      3
      2.2439947525641                         0           1.5869074842462      3
      2.4683942278206                         0           1.1982361919103      3
      2.4759513662071                         0           1.9899029966069      3
      1.7937544914932                         0          0.80306764901414      3
      2.2408365841948                         0          0.80400248761505      3
      2.7269443899953                         0          0.74586471393742      3
      2.0164316296383                         0          0.40609083255365      3
      1.3375561020661                         0          0.80134567160583      3
      0.8833849493023                         0          0.78359297156661      3
     0.67084836860487                         0           1.1783409890994      3
      1.1094410353447                         0          0.39498829336591      3
     0.90054382075022                         0           2.3659775861499      3
     0.67997374443215                         0           1.9821869289783      3
      0.4143221822589                         0           2.4115057007321      3
       1.125364274531                         0           2.7548892978941      3
      2.0213574208241                         0           1.9785756747632      3
      0.8910889768113                         0           1.5828312248028      3
      2.4495292956559                         0           2.7671222933095      3
     0.67900353011915                         0          0.37372527548056      3
     0.30365283389718                         0           1.1219973762821      3
     0.30054507439082                         0           2.0151102517895      3
      2.8443436327984                         0           1.1536983560235      3
      2.8524999135781                         0           2.0083143026653      3
      2.8130490194308                         0           2.8130490194308      3
     0.32854363415898                         0           2.8130490194308      3
      2.8130490194308                         0          0.32854363415898      3
     0.32601523259708                         0          0.32601523259708      3
      2.7431942389966           3.1415926535898           1.5803961217059      4
     0.40710502531911           3.1415926535898           1.5789448320578      4
      1.5661785251161           3.1415926535898          0.39918702602477      4
      1.5707963267949           3.1415926535898           2.7529213612539      4
     0.40878311193235           3.1415926535898          0.73775515535373      4
     0.40647597413379           3.1415926535898           2.4271829863574      4
      2.4510368680035           3.1415926535898          0.39476117342437      4
      2.7373273883866           3.1415926535898           2.4095198911136      4
      2.0159272355806           3.1415926535898           2.7550391061325      4
      1.7945844617635           3.1415926535898           2.3646030263977      4
      1.3462949614905           3.1415926535898           2.3643088951646      4
      1.5706774550723           3.1415926535898           1.9756474072031      4
      1.1224174248603           3.1415926535898           1.9758637773644      4
      1.3469038898878           3.1415926535898           1.5872301807844      4
      1.7952604964891           3.1415926535898           1.5869727054394      4
      1.5698295933119           3.1415926535898           1.1937022464275      4
      2.0194449374669           3.1415926535898           1.1974914045287      4
      1.1192854077636           3.1415926535898           1.1944206405325      4
      2.2476759928488           3.1415926535898           2.3674204286857      4
       0.894265139778           3.1415926535898           2.3769139378746      4
      2.2439947525641           3.1415926535898           1.5869074842462      4
     0.67187346820694           3.1415926535898            1.994498473839      4
      2.4683942278206           3.1415926535898           1.1982361919103      4
      2.4759513662071           3.1415926535898           1.9899029966069      4
      1.7937544914932           3.1415926535898          0.80306764901414      4
      2.2408365841948           3.1415926535898          0.80400248761505      4
      2.7269443899953           3.1415926535898          0.74586471393742      4
      2.0164316296383           3.1415926535898          0.40609083255365      4
      1.3375561020661           3.1415926535898          0.80134567160583      4
      0.8833849493023           3.1415926535898          0.78359297156661      4
     0.67084836860487           3.1415926535898           1.1783409890994      4
      1.1094410353447           3.1415926535898          0.39498829336591      4
      2.0213574208241           3.1415926535898           1.9785756747632      4
      1.1219973762821           3.1415926535898           2.7529213612539      4
     0.88973893077377           3.1415926535898           1.5848831489463      4
     0.68644940459622           3.1415926535898           2.7727094530187      4
      2.4495292956559           3.1415926535898           2.7671222933095      4
     0.67900353011915           3.1415926535898          0.37372527548056      4
     0.30365283389718           3.1415926535898           1.1219973762821      4
     0.29709089353197           3.1415926535898           2.0079633693739      4
      2.8443436327984           3.1415926535898           1.1536983560235      4
      2.8524999135781           3.1415926535898           2.0083143026653      4
     0.32854363415898           3.1415926535898           2.8130490194308      4
      2.8130490194308           3.1415926535898           2.8130490194308      4
      2.8130490194308           3.1415926535898          0.32854363415898      4
     0.32601523259708           3.1415926535898          0.32601523259708      4
      2.7459404317735           1.5685196752685                         0      5
      0.3886712923359           1.5707963267949                         0      5
      1.5630974742453           2.7393072870346                         0      5
      1.5650701436886           0.3975458919815                         0      5
      0.3886712923359          0.67319842576924                         0      5
     0.37865001597308           2.4510368680035                         0      5
       2.422419237333          0.40443020760799                         0      5
       2.747037050243           2.4510368680035                         0      5
     0.38700107960877           2.0167023840049                         0      5
     0.77706421588395           1.7947136531675                         0      5
     0.77734258467181           1.3463968515385                         0      5
      1.1620220640787           1.5638823039875                         0      5
      1.1653021800549           2.0183625820259                         0      5
        1.55390125103           1.7938380157031                         0      5
      1.5499437960054           1.3381845520191                         0      5
      1.9476003954771           1.5692013124836                         0      5
      1.9439331309268           2.0191031438645                         0      5
       1.948438370829            1.120362823977                         0      5
      1.5539023680069          0.87352060345374                         0      5
      1.9735755251968          0.66616228333599                         0      5
      1.1570717005773           0.6396979577862                         0      5
       2.370725734106          0.88443494355366                         0      5
      2.3394425520356           1.7946763021369                         0      5
      2.3379549026195           2.2409332537017                         0      5
      1.9433564616795           2.4683942278205                         0      5
      2.3958094120413           2.7269581999248                         0      5
      1.1540159068883           1.0899735362551                         0      5
      2.7323036779519           2.0176212118213                         0      5
      2.3630166484528           1.3463968515385                         0      5
      2.7510894177206           1.1126091968872                         0      5
     0.77522899220004           2.2403339030165                         0      5
      1.1596089627996           2.4626244317372                         0      5
      0.7300608332789           2.7273119845818                         0      5
      1.5548665767893           2.2502716146976                         0      5
      0.3909572400092           1.1107099062517                         0      5
     0.76580962002323          0.87663745986385                         0      5
      0.7267989956569          0.39984808158233                         0      5
      2.7737036788678          0.67911024605159                         0      5
      2.0000510921668           0.2936276765851                         0      5
      1.1283220950487           2.8415124674433                         0      5
      1.9882907805163           2.8435690043919                         0      5
      1.1219973762821          0.27767210645124                         0      5
     0.32854363415898          0.32854363415898                         0      5
      2.8130490194308           2.8130490194308                         0      5
     0.32854363415898           2.8130490194308                         0      5
      2.8148023768675          0.32679027672225                         0      5
      0.3917123342457           1.5705198736814           3.1415926535898      6
      2.7529213612539           1.5707963267949           3.1415926535898      6
      1.5795407024737          0.40723010200682           3.1415926535898      6
      1.5803961217059           2.7431942389966           3.1415926535898      6
     0.38364945496632          0.68651626359741           3.1415926535898      6
     0.39476117342436           2.4510368680035           3.1415926535898      6
      2.4271829863574          0.40647597413379           3.1415926535898      6
      2.7529213612539           2.4683942278206           3.1415926535898      6
      2.7506354135806           2.0308827473381           3.1415926535898      6
      2.3649023542133           1.8054010978143           3.1415926535898      6
      2.3643587831339           1.3480977341657           3.1415926535898      6
       1.979651027965             1.57961435452           3.1415926535898      6
      1.9765393621529           1.1242073702141           3.1415926535898      6
      1.5880100483761           1.3486916973547           3.1415926535898      6
      1.5917153716294           1.8038816123017           3.1415926535898      6
      1.1946226687245           1.5715644138584           3.1415926535898      6
      1.1947040221806           1.1198725124325           3.1415926535898      6
      1.1984352526098             2.02117092686           3.1415926535898      6
      2.3770348500009          0.89486392611616           3.1415926535898      6
       1.589227134866           2.2679990643638           3.1415926535898      6
      1.9947305350608          0.67229243627022           3.1415926535898      6
      1.1982361919103           2.4683942278206           3.1415926535898      6
       1.985165055523           2.5017845162341           3.1415926535898      6
     0.80444692966732           1.7948297433623           3.1415926535898      6
      1.9878301641835           2.0526735090073           3.1415926535898      6
     0.80438967573744           2.2413034577385           3.1415926535898      6
     0.74592002652633           2.7270110862158           3.1415926535898      6
     0.40983480363677           2.0178358243787           3.1415926535898      6
     0.78989041824858           1.3421798395661           3.1415926535898      6
     0.78953138886863          0.89632062750898           3.1415926535898      6
      1.2053597085708          0.67190667241691           3.1415926535898      6
     0.39246393272154            1.123255226153           3.1415926535898      6
     0.73994992961383          0.41254508119907           3.1415926535898      6
      2.7540320080577             1.12290737724           3.1415926535898      6
      1.5898140631358          0.89070013178256           3.1415926535898      6
      2.3760413344479            2.266813445037           3.1415926535898      6
      2.4147936579329           2.7417445720075           3.1415926535898      6
       2.772856067177          0.68662902213147           3.1415926535898      6
      1.1261684691936          0.30452837071121           3.1415926535898      6
      2.0081289557015          0.29719970248217           3.1415926535898      6
      1.1537094185413           2.8443569720425           3.1415926535898      6
      2.0195952773077           2.8639205471386           3.1415926535898      6
      2.8130490194308          0.32854363415898           3.1415926535898      6
     0.32854363415898          0.32854363415898           3.1415926535898      6
      2.8130490194308           2.8130490194308           3.1415926535898      6
     0.32854363415898           2.8130490194308           3.1415926535898      6
      1.5710726701905            1.570416913596           1.5705184998427      1
      2.1558742415388           2.1552366130681           2.1507027755915      1
      2.1522412550945          0.98637634334477           2.1558766853738      1
     0.98609779022293            2.155540098476           2.1510392961419      1
      2.1643427959961           2.1642538873718           1.0199902959128      1
     0.98945999143299          0.98580562281084           2.1548987257204      1
      1.0120530289048           2.1645575808017          0.98285253259763      1
      1.0018856899884          0.97827499254998          0.98869069806916      1
      2.1637385491559          0.97696024251115           1.0196503239409      1
      1.5711141430544           2.3713231564886           1.6427375798243      1
      2.3718348626655           1.5678819075956           1.6455048638555      1
      1.5711147306894          0.76989348749339           1.6437608624131      1
      1.6462054452943            1.573350398469           2.3713968949047      1
     0.76790775650174           1.5650939790211            1.491007367285      1
      1.6686664959505            1.564997335637          0.76743545744496      1
      2.4579712340447           1.5721014552714           2.4582518366666      1
     0.68936182757936           1.5756894950335           0.6924899711681      1
     0.68435452638964           1.5721789823591           2.4608824292605      1
      1.5703862308188           2.4601939086381            2.445966803847      1
      2.4511343898249           1.5757963017469          0.69046168212152      1
       1.570381949016          0.67957305809848           2.4524927589439      1
       1.590725747046          0.68345934623252          0.69469599263953      1
      1.5983999030218           2.4588175260937          0.68728729924526      1
     0.69430906581154          0.69060957736283           1.5704656193924      1
     0.69082749217807            2.448936023093           1.5623271210686      1
       2.458227103399          0.67778346160595           1.5933199024132      1
      2.4653769307278           2.4653769307278           1.5900702360436      1
      2.5281897377609           2.5281246201696          0.61340291582885      1
      2.5376346906225          0.62352741830822           2.5366960390461      1
      2.5388553403667            2.516932416956           2.5304344730901      1
     0.60013772876188          0.62578928039217           2.5313762910881      1
      2.5335055247579          0.62432990288228          0.60808420663127      1
     0.61345443106871            2.514002871166          0.60430943793064      1
      0.6023138400672            2.516513332496           2.5301049108621      1
     0.60014656397108           0.6311213043627          0.61340064832884      1
      1.1392311760643           1.5706529642889           2.0149987493475      1
      1.5673640951277           2.0111791878936           1.1596035484207      1
      1.5551479111812           1.1296163821084           1.1640681853697      1
      1.1542596563297           1.5429421984766           1.0495179770372      1
      1.2018513068749           1.8306782039664          0.54786278982502      1
     0.54763793901141           1.8281574532698           1.9586721677632      1
      1.1241559064111           2.0198877414208           1.5323651918834      1
      2.0549620299733           2.0526095442368           1.5866875640219      1
      1.1814259861688           1.8373243950603           2.5931510065983      1
      1.9754497804642           1.1651022549431           1.5516798543167      1
      1.1171031973643            1.108939136224           1.5381334839438      1
      2.1008882894134            1.544459136818           1.1419668174178      1
      2.5997088198969           1.8272430355376           1.1857284988143      1
      1.2376082837403           1.2566749981171          0.54405484950937      1
      1.8356644164889          0.54135211091798            1.191370369708      1
      1.3445294579783           2.6151534634145           1.1764744226266      1
      1.2186460422891           1.2690732944477           2.5925380771343      1
       0.546943231718           1.2586503516994           1.9190021282926      1
      1.2724365526222          0.54217511659588           1.2228643609314      1
      1.5320690007631           1.1037551920651           2.0904215181512      1
      1.5266713605245           2.0369071280117           2.0862290593005      1
      1.8983345245873            2.598469008473           1.2505649056716      1
     0.53815023093799           1.9046921939682           1.1149214551066      1
      2.6135706225648           1.8773615086526           2.0292274315754      1
      2.5991342162174           1.2660740850288           1.2283974413012      1
      2.0309816872685           1.8853244971389           2.6165869349216      1
      2.0364570388649            1.914911703932          0.53897079697042      1
      2.0303656066975           1.2644927422026           2.6134176222617      1
      1.8832425834793           2.6131051530788           2.0228005910689      1
      1.8805840574379          0.52788551717358           2.0264232869855      1
      2.6132181533904           1.2601714535643           2.0324690594944      1
      1.2615369495607          0.52781087636849           2.0258540402831      1
      1.2585880211718           2.6129979038454           2.0222463752042      1
     0.53189752624214            1.244841949233           1.1067809570198      1
      2.0457656300713           1.2271819705162          0.53711176995639      1
      1.9407409327563           1.6712405513616           1.9394383086724      1
      2.6491957700833           2.6497526211048           1.1154177374854      1
      2.0410722977868            2.676542864677            2.517272164467      1
      1.0977927705758          0.46568199323424           2.5185875204006      1
      1.1157000462968           2.6799281264498          0.65868136821751      1
       1.099719982249           2.6762518384945           2.5160939760226      1
      1.1056161579908          0.46653286985181          0.65281544726905      1
      2.6386315540317           2.0215797032854           2.6374576081753      1
      2.6395611597389           1.1212282118048           2.6366397493737      1
      2.0410632073528          0.46449001517422           2.5187892479617      1
       0.500945534654           1.1220000736938           2.6363141520988      1
     0.50513866791284           1.1289641295264          0.50518671670272      1
     0.50858432615247           2.3445895218592           2.0432412910332      1
     0.50119443188252           2.0218278311929           2.6342287456414      1
      2.6315108347618            2.029005020598          0.51008069608142      1
     0.82759570530043           2.6421213393024           1.0947860531692      1
     0.50769771853308           2.0194362706967          0.50172586300366      1
      2.6613956431403           2.6689530651866           2.0569878225083      1
      2.6345710897811           1.1246943075213          0.50702074716656      1
      2.6576464696964          0.48411343159223           1.0954660065136      1
     0.77435638401342          0.52551279479913           1.0878384808516      1
     0.49371887158088          0.48577286400348             2.03851756526      1
      2.0600430424536           2.6640154628808          0.76940228290145      1
      2.6613331228486          0.47627626096189           2.0582664892641      1
       2.049356922183          0.45285963487583          0.64975556169906      1
      1.5921930372513           2.0584604732288           2.7089999061857      1
      0.9968395875702           2.2607201654226            0.435868873863      1
      1.1183472481196           2.7239943638664           1.5810238691867      1
     0.97369952359028          0.87181350384991          0.43242000378794      1
     0.96623337517384           2.2524317919652           2.6920525513915      1
     0.96215728171157            0.883652946765           2.6991629676756      1
      2.7285761245896           2.0189150848011           1.5955744075901      1
      1.5990169351169           2.0604997970653          0.43144884929063      1
     0.41050698944983           2.0187935620345           1.5521064897634      1
     0.40499722233998           2.7340824334936           1.8091306919719      1
 Edges
 84
 2 9 1
 9 10 1
 10 11 1
 11 12 1
 12 13 1
 13 14 1
 14 1 1
 1 15 2
 15 16 2
 16 17 2
 17 18 2
 18 19 2
 19 20 2
 20 3 2
 4 21 3
 21 22 3
 22 23 3
 23 24 3
 24 25 3
 25 26 3
 26 3 3
 2 27 4
 27 28 4
 28 29 4
 29 30 4
 30 31 4
 31 32 4
 32 4 4
 6 33 5
 33 34 5
 34 35 5
 35 36 5
 36 37 5
 37 38 5
 38 5 5
 5 39 6
 39 40 6
 40 41 6
 41 42 6
 42 43 6
 43 44 6
 44 7 6
 8 45 7
 45 46 7
 46 47 7
 47 48 7
 48 49 7
 49 50 7
 50 7 7
 6 51 8
 51 52 8
 52 53 8
 53 54 8
 54 55 8
 55 56 8
 56 8 8
 2 57 9
 57 58 9
 58 59 9
 59 60 9
 60 61 9
 61 62 9
 62 6 9
 1 63 10
 63 64 10
 64 65 10
 65 66 10
 66 67 10
 67 68 10
 68 5 10
 4 69 11
 69 70 11
 70 71 11
 71 72 11
 72 73 11
 73 74 11
 74 8 11
 3 75 12
 75 76 12
 76 77 12
 77 78 12
 78 79 12
 79 80 12
 80 7 12
 Triangles
 708
 14 1 125 1
 1 15 125 1
 2 9 126 1
 27 2 126 1
 20 3 124 1
 3 26 124 1
 21 4 123 1
 4 32 123 1
 9 10 85 1
 9 85 126 1
 10 11 119 1
 85 10 119 1
 11 12 82 1
 11 82 119 1
 12 13 122 1
 82 12 122 1
 13 14 86 1
 13 86 122 1
 86 14 125 1
 15 16 117 1
 15 117 125 1
 16 17 116 1
 16 116 117 1
 17 18 83 1
 17 83 116 1
 18 19 89 1
 83 18 89 1
 19 20 88 1
 19 88 89 1
 88 20 124 1
 22 21 106 1
 106 21 123 1
 23 22 121 1
 22 106 121 1
 24 23 81 1
 81 23 121 1
 25 24 120 1
 24 81 120 1
 26 25 115 1
 115 25 120 1
 26 115 124 1
 28 27 118 1
 118 27 126 1
 29 28 111 1
 111 28 118 1
 30 29 84 1
 84 29 111 1
 31 30 109 1
 30 84 109 1
 32 31 87 1
 87 31 109 1
 32 87 123 1
 81 105 114 1
 105 81 121 1
 113 81 114 1
 81 113 120 1
 82 99 100 1
 99 82 102 1
 82 100 119 1
 102 82 122 1
 83 89 90 1
 83 90 91 1
 83 91 116 1
 84 103 109 1
 103 84 110 1
 110 84 111 1
 85 100 101 1
 100 85 119 1
 85 101 118 1
 85 118 126 1
 102 86 108 1
 86 102 122 1
 108 86 117 1
 117 86 125 1
 87 104 106 1
 104 87 109 1
 87 106 123 1
 89 88 112 1
 112 88 115 1
 115 88 124 1
 90 89 112 1
 91 90 92 1
 92 90 93 1
 93 90 112 1
 91 92 107 1
 91 107 108 1
 91 108 116 1
 92 93 94 1
 92 94 95 1
 92 95 107 1
 94 93 114 1
 93 112 113 1
 93 113 114 1
 95 94 96 1
 96 94 97 1
 97 94 114 1
 95 96 98 1
 95 98 99 1
 95 99 107 1
 96 97 103 1
 98 96 110 1
 96 103 110 1
 103 97 104 1
 104 97 105 1
 105 97 114 1
 99 98 100 1
 100 98 101 1
 101 98 110 1
 99 102 107 1
 101 110 111 1
 101 111 118 1
 107 102 108 1
 103 104 109 1
 104 105 106 1
 106 105 121 1
 116 108 117 1
 113 112 115 1
 113 115 120 1
 38 171 5 2
 5 171 39 2
 6 172 33 2
 51 172 6 2
 44 170 7 2
 7 170 50 2
 45 169 8 2
 8 169 56 2
 33 131 34 2
 33 172 131 2
 34 165 35 2
 131 165 34 2
 35 128 36 2
 35 165 128 2
 36 168 37 2
 128 168 36 2
 37 132 38 2
 37 168 132 2
 132 171 38 2
 39 163 40 2
 39 171 163 2
 40 162 41 2
 40 163 162 2
 41 129 42 2
 41 162 129 2
 42 135 43 2
 129 135 42 2
 43 134 44 2
 43 135 134 2
 134 170 44 2
 46 152 45 2
 152 169 45 2
 47 167 46 2
 46 167 152 2
 48 127 47 2
 127 167 47 2
 49 166 48 2
 48 166 127 2
 50 161 49 2
 161 166 49 2
 50 170 161 2
 52 164 51 2
 164 172 51 2
 53 157 52 2
 157 164 52 2
 54 130 53 2
 130 157 53 2
 55 155 54 2
 54 155 130 2
 56 133 55 2
 133 155 55 2
 56 169 133 2
 127 160 151 2
 151 167 127 2
 159 160 127 2
 127 166 159 2
 128 146 145 2
 145 148 128 2
 128 165 146 2
 148 168 128 2
 129 136 135 2
 129 137 136 2
 129 162 137 2
 130 155 149 2
 149 156 130 2
 156 157 130 2
 131 147 146 2
 146 165 131 2
 131 164 147 2
 131 172 164 2
 148 154 132 2
 132 168 148 2
 154 163 132 2
 163 171 132 2
 133 152 150 2
 150 155 133 2
 133 169 152 2
 135 158 134 2
 158 161 134 2
 161 170 134 2
 136 158 135 2
 137 138 136 2
 138 139 136 2
 139 158 136 2
 137 153 138 2
 137 154 153 2
 137 162 154 2
 138 140 139 2
 138 141 140 2
 138 153 141 2
 140 160 139 2
 139 159 158 2
 139 160 159 2
 141 142 140 2
 142 143 140 2
 143 160 140 2
 141 144 142 2
 141 145 144 2
 141 153 145 2
 142 149 143 2
 144 156 142 2
 142 156 149 2
 149 150 143 2
 150 151 143 2
 151 160 143 2
 145 146 144 2
 146 147 144 2
 147 156 144 2
 145 153 148 2
 147 157 156 2
 147 164 157 2
 153 154 148 2
 149 155 150 2
 150 152 151 2
 152 167 151 2
 162 163 154 2
 159 161 158 2
 159 166 161 2
 1 14 216 3
 63 1 216 3
 9 2 218 3
 2 57 218 3
 38 5 215 3
 5 68 215 3
 6 33 217 3
 62 6 217 3
 10 9 177 3
 177 9 218 3
 11 10 211 3
 10 177 211 3
 12 11 174 3
 174 11 211 3
 13 12 212 3
 12 174 212 3
 14 13 205 3
 205 13 212 3
 14 205 216 3
 33 34 197 3
 33 197 217 3
 34 35 213 3
 197 34 213 3
 35 36 173 3
 35 173 213 3
 36 37 214 3
 173 36 214 3
 37 38 180 3
 37 180 214 3
 180 38 215 3
 57 58 210 3
 57 210 218 3
 58 59 202 3
 58 202 210 3
 59 60 175 3
 59 175 202 3
 60 61 198 3
 175 60 198 3
 61 62 178 3
 61 178 198 3
 178 62 217 3
 64 63 179 3
 179 63 216 3
 65 64 206 3
 64 179 206 3
 66 65 176 3
 176 65 206 3
 67 66 181 3
 66 176 181 3
 68 67 209 3
 67 181 209 3
 68 209 215 3
 173 192 193 3
 192 173 194 3
 173 193 213 3
 194 173 214 3
 174 201 208 3
 201 174 211 3
 204 174 208 3
 174 204 212 3
 195 175 198 3
 175 195 199 3
 175 199 202 3
 181 176 182 3
 182 176 183 3
 183 176 206 3
 177 200 201 3
 200 177 210 3
 177 201 211 3
 210 177 218 3
 196 178 197 3
 178 196 198 3
 197 178 217 3
 203 179 205 3
 179 203 206 3
 205 179 216 3
 180 191 194 3
 191 180 209 3
 180 194 214 3
 209 180 215 3
 181 182 191 3
 181 191 209 3
 182 183 184 3
 182 184 207 3
 191 182 207 3
 184 183 185 3
 185 183 203 3
 203 183 206 3
 184 185 186 3
 184 186 187 3
 184 187 207 3
 186 185 208 3
 185 203 204 3
 185 204 208 3
 187 186 188 3
 188 186 190 3
 190 186 208 3
 187 188 189 3
 187 189 192 3
 187 192 207 3
 189 188 195 3
 188 190 199 3
 195 188 199 3
 192 189 193 3
 193 189 196 3
 189 195 196 3
 199 190 200 3
 200 190 201 3
 201 190 208 3
 194 191 207 3
 192 194 207 3
 193 196 197 3
 193 197 213 3
 196 195 198 3
 199 200 202 3
 202 200 210 3
 204 203 205 3
 204 205 212 3
 3 261 26 4
 75 261 3 4
 21 264 4 4
 4 264 69 4
 50 262 7 4
 7 262 80 4
 8 263 45 4
 74 263 8 4
 22 223 21 4
 223 264 21 4
 23 257 22 4
 22 257 223 4
 24 220 23 4
 220 257 23 4
 25 258 24 4
 24 258 220 4
 26 224 25 4
 224 258 25 4
 26 261 224 4
 45 245 46 4
 45 263 245 4
 46 259 47 4
 245 259 46 4
 47 219 48 4
 47 259 219 4
 48 260 49 4
 219 260 48 4
 49 226 50 4
 49 260 226 4
 226 262 50 4
 69 256 70 4
 69 264 256 4
 70 250 71 4
 70 256 250 4
 71 221 72 4
 71 250 221 4
 72 246 73 4
 221 246 72 4
 73 225 74 4
 73 246 225 4
 225 263 74 4
 76 254 75 4
 254 261 75 4
 77 252 76 4
 252 254 76 4
 78 222 77 4
 222 252 77 4
 79 227 78 4
 78 227 222 4
 80 255 79 4
 79 255 227 4
 80 262 255 4
 219 241 239 4
 239 242 219 4
 219 259 241 4
 242 260 219 4
 240 253 220 4
 220 258 240 4
 220 253 249 4
 249 257 220 4
 243 246 221 4
 221 247 243 4
 221 250 247 4
 227 228 222 4
 228 229 222 4
 229 252 222 4
 223 249 248 4
 248 256 223 4
 223 257 249 4
 256 264 223 4
 238 240 224 4
 224 254 238 4
 240 258 224 4
 224 261 254 4
 244 245 225 4
 225 246 244 4
 245 263 225 4
 226 242 237 4
 237 255 226 4
 226 260 242 4
 255 262 226 4
 227 237 228 4
 227 255 237 4
 228 230 229 4
 228 251 230 4
 237 251 228 4
 230 231 229 4
 231 238 229 4
 238 252 229 4
 230 232 231 4
 230 233 232 4
 230 251 233 4
 232 253 231 4
 231 240 238 4
 231 253 240 4
 233 234 232 4
 234 236 232 4
 236 253 232 4
 233 235 234 4
 233 239 235 4
 233 251 239 4
 235 243 234 4
 234 247 236 4
 243 247 234 4
 239 241 235 4
 241 244 235 4
 235 244 243 4
 247 248 236 4
 248 249 236 4
 249 253 236 4
 242 251 237 4
 238 254 252 4
 239 251 242 4
 241 245 244 4
 241 259 245 4
 244 246 243 4
 247 250 248 4
 250 256 248 4
 2 27 307 5
 57 2 307 5
 32 4 309 5
 4 69 309 5
 51 6 310 5
 6 62 310 5
 8 56 308 5
 74 8 308 5
 27 28 269 5
 27 269 307 5
 28 29 299 5
 269 28 299 5
 29 30 266 5
 29 266 299 5
 30 31 273 5
 266 30 273 5
 31 32 270 5
 31 270 273 5
 270 32 309 5
 52 51 302 5
 302 51 310 5
 53 52 294 5
 294 52 302 5
 54 53 265 5
 265 53 294 5
 55 54 292 5
 54 265 292 5
 56 55 272 5
 272 55 292 5
 56 272 308 5
 58 57 301 5
 301 57 307 5
 59 58 306 5
 58 301 306 5
 60 59 268 5
 268 59 306 5
 61 60 303 5
 60 268 303 5
 62 61 271 5
 271 61 303 5
 62 271 310 5
 69 70 297 5
 69 297 309 5
 70 71 304 5
 297 70 304 5
 71 72 267 5
 71 267 304 5
 72 73 305 5
 267 72 305 5
 73 74 290 5
 73 290 305 5
 290 74 308 5
 265 287 292 5
 287 265 293 5
 293 265 294 5
 266 273 274 5
 266 274 275 5
 266 275 299 5
 267 289 298 5
 289 267 305 5
 296 267 298 5
 267 296 304 5
 268 283 284 5
 283 268 285 5
 268 284 303 5
 285 268 306 5
 269 299 300 5
 269 300 301 5
 269 301 307 5
 273 270 295 5
 295 270 297 5
 297 270 309 5
 271 284 286 5
 284 271 303 5
 271 286 302 5
 271 302 310 5
 272 288 290 5
 288 272 292 5
 272 290 308 5
 274 273 295 5
 275 274 276 5
 276 274 277 5
 277 274 295 5
 275 276 291 5
 275 291 300 5
 299 275 300 5
 276 277 278 5
 276 278 279 5
 276 279 291 5
 278 277 298 5
 277 295 296 5
 277 296 298 5
 279 278 280 5
 280 278 281 5
 281 278 298 5
 279 280 282 5
 279 282 283 5
 279 283 291 5
 280 281 287 5
 282 280 293 5
 280 287 293 5
 287 281 288 5
 288 281 289 5
 289 281 298 5
 283 282 284 5
 284 282 286 5
 286 282 293 5
 283 285 291 5
 291 285 300 5
 300 285 301 5
 301 285 306 5
 286 293 294 5
 286 294 302 5
 287 288 292 5
 288 289 290 5
 290 289 305 5
 296 295 297 5
 296 297 304 5
 1 354 15 6
 63 354 1 6
 20 356 3 6
 3 356 75 6
 39 353 5 6
 5 353 68 6
 7 355 44 6
 80 355 7 6
 15 315 16 6
 15 354 315 6
 16 342 17 6
 315 342 16 6
 17 311 18 6
 17 342 311 6
 18 338 19 6
 311 338 18 6
 19 316 20 6
 19 338 316 6
 316 356 20 6
 40 348 39 6
 348 353 39 6
 41 344 40 6
 344 348 40 6
 42 312 41 6
 312 344 41 6
 43 319 42 6
 42 319 312 6
 44 318 43 6
 318 319 43 6
 44 355 318 6
 64 343 63 6
 343 354 63 6
 65 349 64 6
 64 349 343 6
 66 313 65 6
 313 349 65 6
 67 350 66 6
 66 350 313 6
 68 317 67 6
 317 350 67 6
 68 353 317 6
 75 337 76 6
 75 356 337 6
 76 351 77 6
 337 351 76 6
 77 314 78 6
 77 351 314 6
 78 352 79 6
 314 352 78 6
 79 347 80 6
 79 352 347 6
 347 355 80 6
 334 338 311 6
 311 339 334 6
 311 342 339 6
 319 320 312 6
 320 321 312 6
 321 344 312 6
 331 345 313 6
 313 350 331 6
 313 345 341 6
 341 349 313 6
 314 332 330 6
 330 333 314 6
 314 351 332 6
 333 352 314 6
 340 342 315 6
 315 343 340 6
 315 354 343 6
 336 337 316 6
 316 338 336 6
 337 356 316 6
 329 331 317 6
 317 348 329 6
 331 350 317 6
 317 353 348 6
 318 346 319 6
 318 347 346 6
 318 355 347 6
 319 346 320 6
 320 322 321 6
 320 335 322 6
 320 346 335 6
 322 323 321 6
 323 329 321 6
 329 344 321 6
 322 324 323 6
 322 325 324 6
 322 335 325 6
 324 345 323 6
 323 331 329 6
 323 345 331 6
 325 326 324 6
 326 327 324 6
 327 345 324 6
 325 328 326 6
 325 330 328 6
 325 335 330 6
 326 339 327 6
 328 334 326 6
 334 339 326 6
 339 340 327 6
 340 341 327 6
 341 345 327 6
 330 332 328 6
 332 336 328 6
 328 336 334 6
 329 348 344 6
 330 335 333 6
 332 337 336 6
 332 351 337 6
 335 346 333 6
 346 347 333 6
 347 352 333 6
 336 338 334 6
 339 342 340 6
 340 343 341 6
 343 349 341 6
 Tetrahedra
 1580
 240 424 432 439 1
 382 406 192 421 1
 377 408 345 419 1
 187 192 406 421 1
 257 381 121 442 1
 240 432 390 439 1
 257 220 121 381 1
 119 380 174 447 1
 105 414 389 442 1
 119 174 211 447 1
 99 409 380 425 1
 145 416 382 422 1
 368 406 382 421 1
 108 387 409 437 1
 404 428 150 441 1
 283 405 378 426 1
 208 410 380 423 1
 174 119 82 380 1
 289 418 384 449 1
 324 345 408 419 1
 346 386 417 429 1
 220 121 381 461 1
 95 409 99 425 1
 108 409 387 448 1
 105 104 389 414 1
 141 416 145 422 1
 221 267 305 379 1
 368 401 382 406 1
 208 186 410 423 1
 367 401 382 422 1
 288 384 289 418 1
 147 388 416 445 1
 384 150 428 441 1
 382 401 368 421 1
 81 381 121 461 1
 329 419 385 436 1
 283 279 405 426 1
 368 402 410 423 1
 192 382 189 406 1
 331 377 419 436 1
 382 416 367 422 1
 105 381 414 442 1
 367 382 401 416 1
 346 417 333 429 1
 402 409 370 425 1
 240 424 439 461 1
 391 425 100 447 1
 378 394 371 405 1
 377 411 408 419 1
 186 368 187 406 1
 324 400 369 408 1
 380 410 402 423 1
 371 394 378 426 1
 147 416 388 446 1
 324 325 369 400 1
 105 121 381 442 1
 331 377 345 419 1
 378 405 371 426 1
 100 380 119 447 1
 220 81 121 461 1
 100 391 101 425 1
 257 121 106 442 1
 184 187 186 368 1
 380 409 402 425 1
 329 331 419 436 1
 232 233 230 366 1
 94 95 370 397 1
 368 406 186 410 1
 145 382 148 422 1
 239 413 383 420 1
 220 381 257 442 1
 240 238 390 432 1
 140 367 404 416 1
 140 141 367 416 1
 279 371 278 396 1
 289 379 418 449 1
 145 148 153 422 1
 362 409 387 437 1
 95 370 397 409 1
 187 406 368 421 1
 380 100 425 447 1
 138 140 141 367 1
 143 150 404 428 1
 333 429 417 452 1
 233 366 232 407 1
 230 366 233 420 1
 100 82 119 380 1
 184 187 368 421 1
 107 409 108 448 1
 158 415 386 444 1
 382 148 422 450 1
 387 409 362 448 1
 279 371 396 405 1
 140 367 138 415 1
 383 242 420 444 1
 184 368 186 423 1
 232 366 230 424 1
 359 419 372 427 1
 372 422 359 427 1
 121 105 106 442 1
 424 454 381 461 1
 239 233 413 420 1
 233 366 407 413 1
 381 439 424 461 1
 324 326 400 408 1
 286 388 426 451 1
 380 409 99 448 1
 189 192 193 382 1
 359 382 401 422 1
 408 411 369 419 1
 207 194 192 421 1
 100 99 380 425 1
 365 416 388 445 1
 324 326 325 400 1
 194 382 421 450 1
 188 186 187 406 1
 305 379 289 449 1
 346 417 386 434 1
 143 428 404 458 1
 138 367 141 422 1
 289 418 379 459 1
 331 345 323 419 1
 359 401 382 421 1
 325 322 324 369 1
 240 454 424 461 1
 121 81 105 381 1
 194 382 192 421 1
 94 95 96 370 1
 239 242 251 420 1
 105 414 381 460 1
 239 383 242 420 1
 324 369 322 419 1
 386 415 158 434 1
 324 408 369 419 1
 360 432 424 439 1
 286 426 284 451 1
 204 185 208 423 1
 279 280 278 371 1
 284 283 378 426 1
 188 186 406 410 1
 388 416 365 446 1
 100 98 99 425 1
 383 413 399 420 1
 249 220 257 442 1
 385 422 154 450 1
 374 400 326 408 1
 92 374 91 409 1
 326 339 374 408 1
 358 417 386 429 1
 367 415 140 458 1
 385 419 329 435 1
 95 370 409 425 1
 140 404 142 416 1
 278 371 418 459 1
 230 366 420 424 1
 184 421 368 423 1
 119 211 85 447 1
 378 284 426 451 1
 322 369 325 417 1
 278 371 280 418 1
 386 415 358 444 1
 140 142 141 416 1
 186 368 410 423 1
 346 335 333 417 1
 154 422 385 435 1
 385 419 359 436 1
 367 138 415 422 1
 371 405 279 426 1
 138 137 136 372 1
 367 140 404 458 1
 267 289 305 379 1
 91 92 90 374 1
 147 144 416 446 1
 188 406 378 410 1
 105 389 106 442 1
 357 399 366 412 1
 366 399 413 420 1
 94 397 370 460 1
 188 378 199 410 1
 136 138 372 415 1
 326 374 334 400 1
 420 429 358 444 1
 183 182 184 377 1
 195 378 188 406 1
 92 397 374 409 1
 96 94 370 460 1
 284 282 283 426 1
 90 374 92 397 1
 326 339 334 374 1
 188 195 199 378 1
 106 223 257 442 1
 345 408 377 457 1
 359 401 411 427 1
 96 370 95 425 1
 230 228 229 375 1
 360 390 432 439 1
 372 415 367 427 1
 359 411 369 427 1
 137 372 138 422 1
 366 424 232 454 1
 366 413 233 420 1
 156 404 376 416 1
 142 404 156 416 1
 141 367 416 422 1
 372 419 369 427 1
 222 375 314 432 1
 367 422 372 427 1
 184 183 377 423 1
 280 371 279 426 1
 274 373 276 396 1
 94 92 95 397 1
 359 367 401 427 1
 184 377 182 421 1
 372 415 138 422 1
 228 375 230 420 1
 359 369 419 427 1
 91 107 409 437 1
 276 396 373 405 1
 367 359 422 427 1
 373 414 103 425 1
 314 375 222 429 1
 367 415 372 422 1
 369 417 372 427 1
 229 230 375 424 1
 149 376 156 404 1
 378 394 365 426 1
 106 389 223 442 1
 333 417 335 452 1
 283 282 279 426 1
 276 373 275 405 1
 95 397 92 409 1
 322 369 417 419 1
 366 232 407 454 1
 357 402 368 411 1
 142 149 156 404 1
 377 359 419 436 1
 287 280 293 426 1
 184 377 421 423 1
 287 293 376 426 1
 357 403 399 427 1
 274 275 276 373 1
 321 322 372 419 1
 320 321 322 372 1
 399 403 367 427 1
 359 436 421 450 1
 230 420 375 424 1
 386 358 429 444 1
 96 103 414 425 1
 357 366 398 412 1
 383 358 415 444 1
 360 398 381 424 1
 96 370 414 460 1
 372 417 369 419 1
 379 393 363 396 1
 382 401 365 406 1
 234 233 232 407 1
 371 393 357 403 1
 95 99 98 425 1
 325 369 400 452 1
 389 414 104 443 1
 357 370 395 402 1
 357 395 370 398 1
 320 372 322 417 1
 322 417 372 419 1
 246 305 290 449 1
 357 392 370 402 1
 357 394 371 403 1
 159 415 444 458 1
 233 407 234 413 1
 288 384 418 441 1
 365 446 406 451 1
 240 439 390 461 1
 313 377 176 430 1
 382 406 365 446 1
 110 373 103 425 1
 159 415 158 444 1
 359 422 385 450 1
 143 151 428 458 1
 357 370 392 398 1
 366 357 393 399 1
 361 393 379 418 1
 357 393 371 395 1
 357 368 401 411 1
 393 396 379 459 1
 107 108 102 448 1
 375 429 333 452 1
 362 380 402 423 1
 243 407 379 413 1
 360 397 381 398 1
 381 424 398 454 1
 357 371 394 395 1
 91 108 107 437 1
 119 85 100 447 1
 389 414 363 442 1
 383 404 361 428 1
 148 154 153 422 1
 175 378 268 433 1
 358 383 420 444 1
 379 418 393 459 1
 108 409 107 437 1
 283 378 405 455 1
 325 417 369 452 1
 423 430 362 448 1
 101 425 391 438 1
 359 401 368 411 1
 361 393 371 403 1
 175 268 378 451 1
 278 396 371 459 1
 148 154 422 450 1
 313 176 377 436 1
 359 411 377 419 1
 110 103 96 425 1
 351 222 314 432 1
 279 278 276 396 1
 393 399 357 403 1
 370 398 395 414 1
 225 246 290 449 1
 359 382 422 450 1
 404 428 383 458 1
 211 177 85 447 1
 359 368 401 421 1
 305 289 290 449 1
 382 359 421 450 1
 129 372 312 434 1
 147 146 144 446 1
 201 211 174 447 1
 147 416 156 445 1
 357 399 412 427 1
 368 357 394 402 1
 375 412 358 452 1
 234 407 243 413 1
 359 401 367 422 1
 358 415 386 434 1
 91 409 374 437 1
 193 196 189 446 1
 225 290 384 449 1
 112 90 397 440 1
 312 372 129 435 1
 267 379 221 431 1
 176 350 181 436 1
 398 407 381 454 1
 357 366 393 398 1
 363 395 398 414 1
 289 384 290 449 1
 412 417 358 452 1
 383 444 415 458 1
 279 396 276 405 1
 96 414 370 425 1
 361 371 393 418 1
 275 405 373 438 1
 241 383 239 413 1
 143 151 150 428 1
 241 383 413 428 1
 365 371 394 403 1
 363 398 407 442 1
 349 176 206 430 1
 357 412 392 427 1
 386 417 358 434 1
 384 418 361 449 1
 358 366 399 412 1
 351 252 222 432 1
 362 380 423 448 1
 198 303 175 451 1
 392 412 369 427 1
 366 412 358 420 1
 371 361 403 418 1
 359 385 436 450 1
 360 398 366 412 1
 84 373 266 443 1
 366 398 360 424 1
 368 394 357 401 1
 85 391 100 447 1
 314 333 375 429 1
 177 391 85 447 1
 266 373 84 438 1
 359 419 385 435 1
 359 411 368 421 1
 175 303 268 451 1
 371 280 418 426 1
 159 139 158 415 1
 371 365 394 426 1
 381 407 398 442 1
 362 402 368 423 1
 362 368 402 411 1
 175 306 202 433 1
 139 415 159 458 1
 90 93 112 397 1
 285 268 378 433 1
 311 83 374 437 1
 359 369 411 419 1
 231 424 240 454 1
 265 376 130 441 1
 83 311 374 440 1
 358 399 366 420 1
 360 412 366 424 1
 327 408 345 457 1
 339 374 408 437 1
 387 362 430 448 1
 247 379 243 407 1
 357 392 402 411 1
 357 411 401 427 1
 258 115 120 461 1
 368 411 362 423 1
 323 329 331 419 1
 363 381 398 442 1
 380 362 409 448 1
 380 410 208 447 1
 358 415 372 427 1
 250 304 221 431 1
 381 398 397 460 1
 323 345 324 419 1
 241 413 235 449 1
 186 208 185 423 1
 385 422 359 435 1
 283 285 378 455 1
 372 417 358 427 1
 112 397 439 440 1
 141 145 153 422 1
 381 360 424 439 1
 358 399 383 415 1
 221 304 267 431 1
 175 268 306 433 1
 150 149 404 441 1
 365 401 382 416 1
 224 390 115 461 1
 267 296 379 431 1
 373 396 274 443 1
 360 392 397 398 1
 243 413 379 449 1
 313 176 349 430 1
 265 130 376 445 1
 176 313 350 436 1
 370 395 402 425 1
 383 399 361 404 1
 286 426 388 445 1
 380 402 364 425 1
 357 398 392 412 1
 358 383 399 420 1
 407 442 381 454 1
 363 398 381 414 1
 364 373 405 438 1
 364 394 378 405 1
 370 397 392 398 1
 224 240 390 461 1
 365 416 382 446 1
 375 400 360 412 1
 365 371 403 426 1
 358 417 412 427 1
 144 156 147 416 1
 314 333 330 375 1
 333 330 375 452 1
 364 425 391 447 1
 314 375 332 432 1
 243 379 221 449 1
 285 433 378 455 1
 393 418 371 459 1
 156 416 376 445 1
 364 402 395 425 1
 369 412 417 427 1
 399 404 383 458 1
 192 187 207 421 1
 93 112 397 439 1
 390 439 115 461 1
 268 283 285 378 1
 313 377 331 436 1
 399 383 415 458 1
 365 378 426 451 1
 136 137 129 372 1
 362 374 409 437 1
 360 381 397 439 1
 375 360 400 456 1
 234 247 243 407 1
 370 414 395 425 1
 374 362 408 437 1
 241 428 413 449 1
 361 399 393 403 1
 229 228 222 375 1
 136 372 129 434 1
 345 377 341 457 1
 374 397 90 440 1
 239 251 233 420 1
 268 284 378 451 1
 362 392 402 409 1
 90 83 91 374 1
 363 414 389 443 1
 379 396 363 453 1
 405 438 275 455 1
 365 426 388 451 1
 176 182 183 377 1
 362 402 380 409 1
 395 414 373 425 1
 370 402 392 409 1
 296 379 453 459 1
 235 241 239 413 1
 274 266 275 373 1
 228 222 375 429 1
 373 363 396 443 1
 229 375 222 432 1
 266 373 274 443 1
 187 192 189 406 1
 366 398 424 454 1
 129 372 137 435 1
 339 437 408 457 1
 381 363 414 442 1
 176 377 183 430 1
 374 392 362 409 1
 90 83 374 440 1
 379 361 418 449 1
 321 320 312 372 1
 361 418 384 441 1
 83 91 374 437 1
 379 393 361 413 1
 381 414 398 460 1
 312 372 320 434 1
 97 414 105 460 1
 296 379 431 453 1
 321 372 312 435 1
 246 243 221 449 1
 224 115 258 461 1
 182 377 176 436 1
 296 298 379 459 1
 365 376 416 445 1
 364 438 405 455 1
 334 400 374 440 1
 105 104 106 389 1
 362 392 374 408 1
 289 288 290 384 1
 103 373 84 443 1
 274 443 396 453 1
 105 97 104 414 1
 199 410 378 433 1
 391 425 364 438 1
 357 393 395 398 1
 126 218 307 391 1
 374 360 397 440 1
 275 373 266 438 1
 179 216 354 387 1
 287 376 265 441 1
 130 376 149 441 1
 360 374 400 440 1
 408 437 362 457 1
 371 403 376 418 1
 371 396 393 459 1
 210 307 218 391 1
 355 255 262 386 1
 261 254 356 390 1
 170 134 318 386 1
 208 380 174 448 1
 169 263 308 384 1
 267 296 298 379 1
 159 444 383 458 1
 383 361 413 428 1
 262 170 355 386 1
 376 404 149 441 1
 332 375 452 456 1
 364 380 425 447 1
 143 150 149 404 1
 82 380 99 448 1
 331 313 345 377 1
 199 195 175 378 1
 358 399 415 427 1
 367 415 399 427 1
 84 103 110 373 1
 174 380 82 448 1
 123 309 264 389 1
 341 377 313 430 1
 269 118 307 391 1
 221 243 247 379 1
 210 301 391 433 1
 308 272 133 384 1
 360 392 374 397 1
 365 394 378 406 1
 334 374 311 440 1
 311 374 339 437 1
 363 393 395 396 1
 133 169 308 384 1
 362 402 392 411 1
 308 263 225 384 1
 268 303 284 451 1
 287 293 265 376 1
 130 156 149 376 1
 98 100 101 425 1
 376 403 371 426 1
 125 354 216 387 1
 124 261 356 390 1
 363 373 395 414 1
 199 378 175 433 1
 362 377 408 457 1
 170 318 355 386 1
 110 84 373 438 1
 371 395 393 396 1
 400 412 375 452 1
 364 378 394 410 1
 311 334 339 374 1
 264 309 256 389 1
 374 392 360 400 1
 237 386 429 444 1
 396 443 363 453 1
 270 123 87 389 1
 267 304 296 431 1
 394 401 368 406 1
 360 392 398 412 1
 270 309 123 389 1
 364 402 380 410 1
 365 401 394 406 1
 376 361 404 441 1
 396 453 379 459 1
 332 314 330 375 1
 362 408 377 411 1
 316 88 356 390 1
 371 418 376 426 1
 262 226 170 386 1
 285 306 268 433 1
 88 124 356 390 1
 307 118 126 391 1
 332 432 375 456 1
 413 428 361 449 1
 366 399 393 413 1
 289 281 418 459 1
 397 398 370 460 1
 128 148 145 382 1
 256 389 297 431 1
 354 117 315 387 1
 358 372 415 434 1
 82 100 99 380 1
 284 283 268 378 1
 357 395 394 402 1
 288 289 281 418 1
 351 314 332 432 1
 378 364 405 455 1
 353 348 163 385 1
 134 318 386 434 1
 216 86 125 387 1
 353 171 215 385 1
 209 353 215 385 1
 250 256 297 431 1
 221 379 247 431 1
 217 172 310 388 1
 208 410 190 447 1
 372 358 417 434 1
 354 125 117 387 1
 359 372 419 435 1
 264 223 123 389 1
 265 376 293 445 1
 255 386 347 429 1
 156 376 130 445 1
 361 393 399 413 1
 367 403 399 404 1
 210 202 301 433 1
 363 395 373 396 1
 363 373 414 443 1
 387 430 203 448 1
 164 302 310 388 1
 361 399 403 404 1
 357 401 394 403 1
 366 393 398 407 1
 175 378 195 451 1
 269 118 391 438 1
 240 238 224 390 1
 372 359 422 435 1
 136 415 372 434 1
 347 255 355 386 1
 374 397 392 409 1
 363 393 379 407 1
 364 373 395 405 1
 145 146 128 382 1
 128 148 382 450 1
 250 297 304 431 1
 310 178 217 388 1
 365 388 446 451 1
 360 439 397 440 1
 152 263 169 384 1
 132 215 171 385 1
 332 375 330 452 1
 379 407 393 413 1
 363 398 393 407 1
 129 312 135 434 1
 127 219 383 444 1
 307 210 301 391 1
 358 412 375 420 1
 360 440 400 456 1
 346 320 417 434 1
 324 345 327 408 1
 151 383 428 458 1
 310 172 164 388 1
 204 208 174 448 1
 128 382 173 450 1
 358 412 399 427 1
 398 414 370 460 1
 353 163 171 385 1
 373 364 425 438 1
 400 440 334 456 1
 314 352 333 429 1
 321 419 372 435 1
 312 129 162 435 1
 283 405 291 455 1
 375 400 452 456 1
 128 173 382 446 1
 162 344 312 435 1
 372 422 137 435 1
 126 85 218 391 1
 350 317 181 436 1
 377 430 341 457 1
 376 403 361 418 1
 202 306 301 433 1
 242 383 219 444 1
 366 407 398 454 1
 372 417 320 434 1
 103 414 373 443 1
 286 282 284 426 1
 388 426 365 445 1
 359 377 411 421 1
 255 347 227 429 1
 319 135 312 434 1
 89 311 83 440 1
 363 395 393 398 1
 136 158 415 434 1
 124 224 261 390 1
 227 347 352 429 1
 265 130 155 441 1
 269 299 118 438 1
 273 84 266 443 1
 361 399 383 413 1
 137 422 154 435 1
 315 387 117 437 1
 191 436 385 450 1
 311 116 83 437 1
 163 385 348 435 1
 292 265 155 441 1
 321 329 419 435 1
 378 406 394 410 1
 299 84 111 438 1
 194 173 382 450 1
 370 392 397 409 1
 133 384 272 441 1
 159 383 160 458 1
 361 376 418 441 1
 362 430 377 457 1
 170 226 161 386 1
 157 265 294 445 1
 375 432 360 456 1
 392 400 374 408 1
 254 337 390 432 1
 376 365 426 445 1
 173 192 194 382 1
 240 253 454 461 1
 209 181 317 436 1
 134 319 318 434 1
 159 127 383 444 1
 337 356 254 390 1
 299 266 84 438 1
 127 383 219 428 1
 313 331 350 436 1
 88 390 316 440 1
 273 109 84 443 1
 342 116 311 437 1
 160 383 151 458 1
 102 82 99 448 1
 378 433 364 455 1
 367 399 415 458 1
 270 389 87 443 1
 132 180 215 385 1
 348 344 162 435 1
 128 382 146 446 1
 364 395 373 425 1
 287 418 376 441 1
 376 403 365 416 1
 163 348 162 435 1
 100 85 101 391 1
 366 412 420 424 1
 205 86 216 387 1
 309 297 256 389 1
 273 270 109 443 1
 118 299 111 438 1
 338 89 88 440 1
 265 157 130 445 1
 209 317 385 436 1
 361 403 376 404 1
 242 239 219 383 1
 380 364 410 447 1
 294 302 164 445 1
 116 315 117 437 1
 369 417 412 452 1
 225 290 308 384 1
 89 338 311 440 1
 224 258 240 461 1
 179 354 343 387 1
 368 421 411 423 1
 375 420 412 424 1
 302 388 164 445 1
 353 209 317 385 1
 343 179 387 430 1
 294 164 157 445 1
 371 394 395 405 1
 375 420 228 429 1
 379 407 247 431 1
 198 271 303 451 1
 391 433 301 455 1
 254 252 337 432 1
 116 342 315 437 1
 217 131 172 388 1
 208 186 190 410 1
 345 313 341 377 1
 110 373 425 438 1
 319 134 135 434 1
 115 439 120 461 1
 378 406 195 451 1
 127 160 159 383 1
 365 394 401 403 1
 104 414 103 443 1
 105 81 114 381 1
 229 424 375 432 1
 377 423 183 430 1
 141 144 145 416 1
 296 304 297 431 1
 411 421 377 423 1
 368 402 394 410 1
 375 358 420 429 1
 114 105 381 460 1
 298 289 267 379 1
 369 392 400 412 1
 327 345 341 457 1
 270 87 109 443 1
 241 235 244 449 1
 397 439 381 460 1
 253 220 381 461 1
 198 178 271 451 1
 88 316 338 440 1
 157 265 53 294 1
 364 395 394 405 1
 365 403 376 426 1
 299 84 29 111 1
 367 404 399 458 1
 182 421 377 436 1
 297 431 389 453 1
 252 351 337 432 1
 110 425 101 438 1
 106 123 223 389 1
 341 313 349 430 1
 364 378 410 433 1
 369 408 392 411 1
 133 272 292 441 1
 81 114 381 461 1
 84 299 29 266 1
 152 245 263 384 1
 360 400 392 412 1
 366 393 407 413 1
 379 363 431 453 1
 271 178 310 388 1
 369 400 392 408 1
 224 124 115 390 1
 265 157 53 130 1
 292 155 133 441 1
 192 173 193 382 1
 278 280 281 418 1
 359 377 421 436 1
 127 166 260 444 1
 218 85 177 391 1
 376 426 293 445 1
 364 394 402 410 1
 362 392 408 411 1
 306 285 301 433 1
 120 439 113 461 1
 360 375 424 432 1
 394 406 368 410 1
 285 301 433 455 1
 344 41 162 312 1
 135 42 312 129 1
 151 160 127 383 1
 377 362 423 430 1
 312 41 162 129 1
 219 259 167 428 1
 278 418 281 459 1
 99 95 107 409 1
 296 431 297 453 1
 289 379 298 459 1
 178 388 271 451 1
 173 193 382 446 1
 401 403 367 416 1
 253 381 442 454 1
 239 241 219 383 1
 155 265 54 130 1
 120 115 113 439 1
 288 418 287 441 1
 361 379 413 449 1
 135 312 42 319 1
 360 375 412 424 1
 365 403 401 416 1
 265 155 54 292 1
 362 411 377 423 1
 378 365 406 451 1
 210 391 200 433 1
 346 386 318 434 1
 311 17 83 116 1
 127 151 383 428 1
 273 84 30 266 1
 274 396 277 453 1
 219 383 241 428 1
 379 363 407 431 1
 18 83 89 311 1
 17 311 342 116 1
 293 426 286 445 1
 154 137 153 422 1
 244 384 428 449 1
 165 213 128 446 1
 109 84 30 273 1
 133 150 384 441 1
 272 384 288 441 1
 226 386 237 444 1
 269 391 300 438 1
 381 454 253 461 1
 384 361 428 449 1
 315 340 387 437 1
 410 433 190 447 1
 390 439 360 440 1
 320 335 346 417 1
 223 389 248 442 1
 134 386 158 434 1
 114 381 439 460 1
 179 203 387 430 1
 241 244 428 449 1
 248 389 256 431 1
 394 395 364 402 1
 270 109 31 273 1
 223 249 257 442 1
 88 338 19 89 1
 205 387 203 448 1
 118 101 391 438 1
 177 200 391 447 1
 388 196 446 451 1
 189 195 406 451 1
 254 390 238 432 1
 255 226 262 386 1
 128 214 168 450 1
 323 321 329 419 1
 158 139 136 415 1
 280 279 282 426 1
 255 237 386 429 1
 131 217 197 388 1
 316 390 336 440 1
 108 387 86 448 1
 212 82 122 448 1
 373 396 395 405 1
 89 338 18 311 1
 114 439 381 461 1
 291 405 275 455 1
 231 240 253 454 1
 233 235 239 413 1
 244 225 384 449 1
 87 389 104 443 1
 272 133 292 55 1
 333 335 330 452 1
 283 279 291 405 1
 284 303 271 451 1
 107 92 91 409 1
 218 177 210 391 1
 347 355 318 386 1
 190 410 199 433 1
 307 301 269 391 1
 234 243 235 413 1
 162 348 40 344 1
 117 116 16 315 1
 185 183 423 430 1
 390 432 337 456 1
 164 294 52 302 1
 329 348 385 435 1
 205 216 179 387 1
 155 292 133 55 1
 109 270 31 87 1
 342 16 116 315 1
 338 88 19 316 1
 161 158 386 444 1
 348 40 163 162 1
 294 164 52 157 1
 333 352 347 429 1
 228 420 251 429 1
 112 390 88 440 1
 256 223 264 389 1
 118 269 28 299 1
 127 260 219 444 1
 115 390 112 439 1
 108 117 387 437 1
 261 224 254 390 1
 331 317 350 436 1
 295 389 270 443 1
 364 391 438 455 1
 389 363 443 453 1
 207 421 182 436 1
 200 190 433 447 1
 191 385 180 450 1
 163 154 385 435 1
 319 43 135 134 1
 111 118 28 299 1
 180 209 215 385 1
 134 319 43 318 1
 343 430 387 457 1
 339 408 327 457 1
 332 452 328 456 1
 174 82 212 448 1
 387 362 437 457 1
 286 388 302 445 1
 147 164 388 445 1
 229 231 424 432 1
 128 213 173 446 1
 152 384 150 428 1
 112 439 390 440 1
 244 384 245 428 1
 237 226 255 386 1
 209 385 191 436 1
 167 127 219 428 1
 206 176 183 430 1
 179 203 205 387 1
 132 385 154 450 1
 96 414 97 460 1
 128 173 214 450 1
 210 177 200 391 1
 170 161 134 386 1
 125 86 117 387 1
 360 390 440 456 1
 96 95 98 425 1
 229 222 252 432 1
 369 412 400 452 1
 143 160 151 458 1
 270 297 309 389 1
 228 227 222 429 1
 132 171 163 385 1
 184 207 187 421 1
 251 230 233 420 1
 139 140 138 415 1
 115 124 88 390 1
 254 224 238 390 1
 225 263 245 384 1
 152 169 133 384 1
 272 308 290 384 1
 96 97 94 460 1
 247 407 236 431 1
 351 332 337 432 1
 243 235 413 449 1
 209 180 191 385 1
 185 203 183 430 1
 223 256 248 389 1
 135 136 129 434 1
 182 176 181 436 1
 185 184 186 423 1
 326 327 339 408 1
 106 87 123 389 1
 395 396 371 405 1
 332 337 432 456 1
 337 316 356 390 1
 287 265 292 441 1
 155 130 149 441 1
 276 275 291 405 1
 244 246 225 449 1
 236 431 407 442 1
 353 317 348 385 1
 126 118 85 391 1
 205 86 387 448 1
 277 274 276 396 1
 90 89 83 440 1
 104 97 103 414 1
 232 230 231 424 1
 200 433 391 447 1
 318 346 347 386 1
 336 440 390 456 1
 98 101 110 425 1
 226 161 386 444 1
 197 388 196 446 1
 197 217 178 388 1
 376 404 403 416 1
 228 251 237 429 1
 227 78 222 352 1
 343 354 315 387 1
 321 312 344 435 1
 211 201 177 447 1
 90 92 93 397 1
 162 129 137 435 1
 273 266 274 443 1
 328 400 334 456 1
 301 300 269 391 1
 196 388 178 451 1
 191 207 182 436 1
 340 387 437 457 1
 83 116 91 437 1
 229 238 231 432 1
 139 159 160 458 1
 324 322 323 419 1
 78 314 222 352 1
 118 111 101 438 1
 109 103 84 443 1
 271 310 302 388 1
 164 172 131 388 1
 334 311 338 440 1
 283 291 285 455 1
 341 430 343 457 1
 132 180 385 450 1
 350 66 176 181 1
 319 312 320 434 1
 245 244 225 384 1
 152 133 150 384 1
 290 288 272 384 1
 332 330 328 452 1
 300 391 301 455 1
 295 443 274 453 1
 108 86 102 448 1
 201 208 190 447 1
 281 287 288 418 1
 349 65 206 176 1
 349 343 341 430 1
 286 293 282 426 1
 299 269 300 438 1
 156 144 142 416 1
 138 141 153 422 1
 311 339 342 437 1
 134 161 158 386 1
 147 388 131 446 1
 178 196 197 388 1
 198 175 195 451 1
 200 190 199 433 1
 286 302 294 445 1
 147 157 164 445 1
 248 389 431 442 1
 190 188 199 410 1
 187 189 188 406 1
 117 86 108 387 1
 132 163 154 385 1
 259 245 167 428 1
 140 415 139 458 1
 346 318 319 434 1
 326 328 325 400 1
 336 316 337 390 1
 189 196 195 451 1
 362 387 430 457 1
 106 104 87 389 1
 71 221 250 304 1
 115 88 112 390 1
 297 270 295 389 1
 403 404 367 416 1
 300 275 438 455 1
 93 92 94 397 1
 390 360 432 456 1
 300 438 391 455 1
 233 234 235 413 1
 64 206 179 349 1
 248 431 236 442 1
 114 439 93 460 1
 202 199 175 433 1
 221 71 267 304 1
 317 329 348 385 1
 315 340 343 387 1
 329 344 348 435 1
 245 384 152 428 1
 315 342 340 437 1
 113 115 112 439 1
 313 350 66 176 1
 327 326 324 408 1
 127 260 166 48 1
 328 452 400 456 1
 336 390 337 456 1
 275 266 299 438 1
 143 142 140 404 1
 65 349 313 176 1
 175 59 306 268 1
 12 122 212 82 1
 195 188 189 406 1
 135 134 158 434 1
 93 439 397 460 1
 297 389 295 453 1
 306 59 175 202 1
 167 219 47 259 1
 248 247 236 431 1
 226 260 166 444 1
 336 334 440 456 1
 76 351 337 252 1
 198 175 303 60 1
 205 212 122 448 1
 223 248 249 442 1
 322 325 335 417 1
 73 305 290 246 1
 231 232 424 454 1
 163 162 154 435 1
 339 340 437 457 1
 108 116 117 437 1
 295 270 273 443 1
 110 111 84 438 1
 76 337 254 252 1
 265 293 294 445 1
 156 130 157 445 1
 11 211 119 174 1
 303 175 268 60 1
 328 325 400 452 1
 112 88 89 440 1
 277 453 396 459 1
 118 101 85 391 1
 109 87 104 443 1
 343 387 340 457 1
 214 36 128 168 1
 338 316 336 440 1
 222 252 351 77 1
 221 247 250 431 1
 302 286 271 388 1
 259 46 167 245 1
 147 164 131 388 1
 250 248 256 431 1
 236 253 442 454 1
 114 113 439 461 1
 177 201 200 447 1
 326 334 328 400 1
 278 277 276 396 1
 391 364 433 455 1
 295 389 443 453 1
 132 154 148 450 1
 364 391 433 447 1
 246 305 221 72 1
 190 186 188 410 1
 351 222 77 314 1
 335 417 325 452 1
 228 230 251 420 1
 143 404 140 458 1
 142 143 149 404 1
 174 12 212 82 1
 305 267 221 72 1
 165 35 128 213 1
 184 182 207 421 1
 184 185 183 423 1
 133 155 150 441 1
 292 272 288 441 1
 363 389 431 453 1
 73 290 225 246 1
 210 200 202 433 1
 174 119 11 82 1
 278 277 396 459 1
 136 139 138 415 1
 281 280 287 418 1
 95 92 107 409 1
 363 431 389 442 1
 229 231 230 424 1
 161 159 158 444 1
 114 97 105 460 1
 96 103 97 414 1
 364 433 410 447 1
 234 232 236 407 1
 257 23 121 220 1
 131 388 197 446 1
 204 205 203 448 1
 86 205 122 448 1
 94 93 397 460 1
 226 237 242 444 1
 165 197 213 446 1
 214 180 168 450 1
 226 260 49 166 1
 48 127 260 219 1
 153 137 138 422 1
 220 23 121 81 1
 173 36 128 214 1
 407 431 363 442 1
 254 238 252 432 1
 191 180 194 450 1
 144 141 142 416 1
 226 166 161 444 1
 114 113 93 439 1
 279 276 291 405 1
 47 127 219 167 1
 236 407 232 454 1
 321 323 322 419 1
 293 280 282 426 1
 245 152 167 428 1
 295 274 277 453 1
 213 165 34 197 1
 64 179 343 349 1
 173 128 35 213 1
 179 206 203 430 1
 236 253 249 442 1
 247 234 236 407 1
 132 168 180 450 1
 255 227 237 429 1
 98 110 96 425 1
 122 205 13 212 1
 289 298 281 459 1
 151 152 150 428 1
 159 166 127 444 1
 209 191 181 436 1
 346 319 320 434 1
 244 245 241 428 1
 320 322 335 417 1
 236 442 407 454 1
 109 104 103 443 1
 336 334 338 440 1
 147 131 146 446 1
 342 339 340 437 1
 211 85 10 119 1
 136 135 158 434 1
 242 219 260 444 1
 300 275 299 438 1
 168 214 37 180 1
 285 300 301 455 1
 150 155 149 441 1
 288 287 292 441 1
 321 344 329 435 1
 245 46 167 152 1
 165 131 197 446 1
 340 339 327 457 1
 49 161 226 166 1
 194 214 173 450 1
 110 101 111 438 1
 300 291 275 455 1
 273 274 295 443 1
 328 334 336 456 1
 112 89 90 440 1
 128 168 148 450 1
 173 213 193 446 1
 122 82 102 448 1
 294 293 286 445 1
 147 156 157 445 1
 162 137 154 435 1
 86 205 13 122 1
 108 91 116 437 1
 169 152 45 263 1
 204 174 212 448 1
 193 197 196 446 1
 297 295 296 453 1
 165 128 146 446 1
 197 165 34 131 1
 132 168 37 180 1
 332 336 337 456 1
 170 262 50 226 1
 219 241 259 428 1
 127 167 151 428 1
 106 22 121 257 1
 38 132 215 171 1
 123 264 21 223 1
 201 190 200 447 1
 243 244 235 449 1
 14 125 216 86 1
 198 196 178 451 1
 56 272 133 308 1
 134 44 170 318 1
 177 85 10 211 1
 308 133 56 169 1
 341 343 340 457 1
 38 132 180 215 1
 50 161 170 226 1
 270 123 32 87 1
 88 20 316 356 1
 218 126 9 85 1
 124 224 26 261 1
 355 170 44 318 1
 253 240 220 461 1
 309 123 32 270 1
 356 88 20 124 1
 245 45 152 263 1
 310 178 62 217 1
 205 14 216 86 1
 93 113 112 439 1
 22 106 223 257 1
 81 113 114 461 1
 217 131 33 172 1
 163 353 39 348 1
 269 27 307 118 1
 106 123 21 223 1
 310 164 51 302 1
 315 15 117 354 1
 164 310 51 172 1
 115 224 26 124 1
 263 308 225 74 1
 27 126 307 118 1
 39 171 353 163 1
 354 15 117 125 1
 85 9 218 177 1
 68 353 215 209 1
 246 244 243 449 1
 80 255 262 355 1
 278 298 277 459 1
 62 271 178 310 1
 354 179 63 216 1
 122 102 86 448 1
 80 255 355 347 1
 308 290 225 74 1
 131 33 197 217 1
 248 236 249 442 1
 218 307 210 57 1
 209 68 353 317 1
 205 204 212 448 1
 307 210 57 301 1
 203 206 183 430 1
 237 227 228 429 1
 167 152 151 428 1
 356 261 75 254 1
 161 166 159 444 1
 259 241 245 428 1
 69 256 264 309 1
 229 252 238 432 1
 181 191 182 436 1
 226 242 260 444 1
 179 63 343 354 1
 328 330 325 452 1
 69 256 309 297 1
 200 199 202 433 1
 330 335 325 452 1
 75 337 356 254 1
 194 180 214 450 1
 146 131 165 446 1
 132 148 168 450 1
 248 250 247 431 1
 193 213 197 446 1
 55 155 292 54 1
 94 114 93 460 1
 231 253 232 454 1
 53 294 52 157 1
 278 281 298 459 1
 111 28 29 299 1
 42 43 135 319 1
 43 44 134 318 1
 30 31 109 273 1
 338 18 19 89 1
 195 196 198 451 1
 222 77 314 78 1
 160 143 140 458 1
 81 220 24 461 1
 42 41 312 129 1
 40 41 162 344 1
 236 232 253 454 1
 265 53 54 130 1
 342 16 17 116 1
 133 272 56 55 1
 267 71 221 72 1
 84 29 30 266 1
 65 313 66 176 1
 160 140 139 458 1
 269 28 27 118 1
 83 18 17 311 1
 175 59 268 60 1
 332 328 336 456 1
 258 120 24 461 1
 220 258 24 461 1
 226 50 161 49 1
 205 13 14 86 1
 37 38 132 180 1
 341 340 327 457 1
 32 31 270 87 1
 316 19 20 88 1
 24 120 81 461 1
 24 23 220 81 1
 26 25 224 115 1
 46 245 45 152 1
 174 11 12 82 1
 114 94 97 460 1
 117 16 15 315 1
 106 21 22 223 1
 219 48 127 47 1
 74 290 225 73 1
 256 69 70 297 1
 128 35 36 173 1
 163 39 40 348 1
 291 300 285 455 1
 255 80 79 347 1
 51 164 52 302 1
 210 57 301 58 1
 271 178 61 62 1
 67 68 209 317 1
 10 9 85 177 1
 343 63 179 64 1
 34 33 197 131 1
 295 277 296 453 1
 254 75 337 76 1
 125 354 1 216 1
 3 356 124 261 1
 171 215 5 353 1
 8 308 169 263 1
 170 7 262 355 1
 4 264 123 309 1
 6 310 217 172 1
 218 2 126 307 1
 258 220 240 461 1
 246 73 305 72 1
 252 76 351 77 1
 81 120 113 461 1
 71 250 70 304 1
 303 61 198 60 1
 66 350 67 181 1
 64 65 206 349 1
 171 5 39 353 1
 170 44 7 355 1
 2 27 126 307 1
 1 15 354 125 1
 352 227 78 79 1
 6 51 310 172 1
 59 306 58 202 1
 123 32 4 309 1
 308 56 8 169 1
 20 3 356 124 1
 353 215 5 68 1
 7 80 262 355 1
 310 62 6 217 1
 307 218 2 57 1
 5 38 215 171 1
 124 26 3 261 1
 170 262 7 50 1
 125 1 14 216 1
 4 69 264 309 1
 354 63 1 216 1
 126 9 2 218 1
 8 308 263 74 1
 3 356 261 75 1
 169 45 8 263 1
 217 33 6 172 1
 264 21 4 123 1
 46 167 47 259 1
 25 24 258 120 1
 165 34 35 213 1
 260 49 166 48 1
 121 22 23 257 1
 10 11 211 119 1
 13 12 122 212 1
 37 36 214 168 1
 428 441 361 384 1
 361 441 428 404 1
 451 189 446 406 1
 451 446 189 196 1
 221 449 305 246 1
 305 449 221 379 1
 426 287 418 376 1
 426 418 287 280 1
 189 446 382 193 1
 382 446 189 406 1
 427 403 401 357 1
 427 401 403 367 1
 442 220 253 249 1
 442 253 220 381 1
 392 427 411 357 1
 411 427 392 369 1
 448 107 99 102 1
 448 99 107 409 1
 448 208 423 204 1
 448 423 208 380 1
 358 452 429 375 1
 429 452 358 417 1
 446 144 382 146 1
 446 382 144 416 1
 145 382 144 146 1
 145 144 382 416 1
 429 346 347 333 1
 429 347 346 386 1
 436 329 317 385 1
 436 317 329 331 1
 451 286 271 284 1
 451 271 286 388 1
 222 352 429 227 1
 429 352 222 314 1
 174 447 208 201 1
 208 447 174 380 1
 459 296 277 453 1
 459 277 296 298 1
 181 317 67 209 1
 67 317 181 350 1
 347 227 79 255 1
 347 79 227 352 1
 432 231 240 238 1
 432 240 231 424 1
 444 429 242 420 1
 444 242 429 237 1
 251 242 429 420 1
 251 429 242 237 1
 450 436 194 191 1
 450 194 436 421 1
 207 194 436 191 1
 207 436 194 421 1
 271 198 61 178 1
 271 61 198 303 1
 448 430 204 423 1
 448 204 430 203 1
 185 204 430 423 1
 185 430 204 203 1
 349 179 430 206 1
 349 430 179 343 1
 297 250 70 256 1
 297 70 250 304 1
 202 301 58 210 1
 202 58 301 306 1
 258 115 25 120 1
 25 115 258 224 1
 End
