 MeshVersionFormatted 2
 Dimension
 3
 Vertices
 361
                    0                         0                         1      1
                    0                         0                         0      2
                    0                         1                         1      3
                    0                         1                         0      4
                    1                         0                         1      5
                    1                         0                         0      6
                    1                         1                         1      7
                    1                         1                         0      8
                  0.5                       0.5                       0.8      9
                  0.5                       0.5                       0.2      10
                    0                         0          0.16666666666667      1
                    0                         0          0.33333333333333      1
                    0                         0                       0.5      1
                    0                         0          0.66666666666666      1
                    0                         0          0.83333333333333      1
                    0          0.16666666666667                         1      2
                    0          0.33333333333333                         1      2
                    0                       0.5                         1      2
                    0          0.66666666666666                         1      2
                    0          0.83333333333333                         1      2
                    0                         1          0.16666666666667      3
                    0                         1          0.33333333333333      3
                    0                         1                       0.5      3
                    0                         1          0.66666666666666      3
                    0                         1          0.83333333333333      3
                    0          0.16666666666667                         0      4
                    0          0.33333333333333                         0      4
                    0                       0.5                         0      4
                    0          0.66666666666666                         0      4
                    0          0.83333333333333                         0      4
                    1                         0          0.16666666666667      5
                    1                         0          0.33333333333333      5
                    1                         0                       0.5      5
                    1                         0          0.66666666666666      5
                    1                         0          0.83333333333333      5
                    1          0.16666666666667                         1      6
                    1          0.33333333333333                         1      6
                    1                       0.5                         1      6
                    1          0.66666666666666                         1      6
                    1          0.83333333333333                         1      6
                    1                         1          0.16666666666667      7
                    1                         1          0.33333333333333      7
                    1                         1                       0.5      7
                    1                         1          0.66666666666666      7
                    1                         1          0.83333333333333      7
                    1          0.16666666666667                         0      8
                    1          0.33333333333333                         0      8
                    1                       0.5                         0      8
                    1          0.66666666666666                         0      8
                    1          0.83333333333333                         0      8
     0.16666666666667                         0                         0      9
     0.33333333333333                         0                         0      9
                  0.5                         0                         0      9
     0.66666666666666                         0                         0      9
     0.83333333333333                         0                         0      9
     0.16666666666667                         0                         1      10
     0.33333333333333                         0                         1      10
                  0.5                         0                         1      10
     0.66666666666666                         0                         1      10
     0.83333333333333                         0                         1      10
     0.16666666666667                         1                         0      11
     0.33333333333333                         1                         0      11
                  0.5                         1                         0      11
     0.66666666666666                         1                         0      11
     0.83333333333333                         1                         0      11
     0.16666666666667                         1                         1      12
     0.33333333333333                         1                         1      12
                  0.5                         1                         1      12
     0.66666666666666                         1                         1      12
     0.83333333333333                         1                         1      12
                 0.65                       0.5          0.24019237886467      14
     0.75980762113533                       0.5                      0.35      14
                  0.8                       0.5                       0.5      14
     0.75980762113533                       0.5                      0.65      14
                 0.65                       0.5          0.75980762113533      14
                    0          0.58333333333333          0.85566243270259      1
                    0          0.58151095683405          0.15084264760875      1
                    0          0.14938268749257          0.59778760911776      1
                    0          0.85061731250743          0.59778760911776      1
                    0          0.13563026029831          0.24587982947336      1
                    0          0.86116202120266          0.24770627499776      1
                    0          0.25070622821348          0.85887132582403      1
                    0          0.74929377178652          0.85887132582403      1
                    0          0.69256464666227          0.69752871244649      1
                    0          0.50431632999927          0.70902550657874      1
                    0          0.58333333333333          0.56698729810778      1
                    0          0.42222044682423          0.56381293421555      1
                    0          0.50092563002626          0.42506358422101      1
                    0          0.66666666666666          0.42264973081038      1
                    0          0.34009054033824          0.42136993920006      1
                    0          0.44046591755563          0.28357129848508      1
                    0          0.30884536907441           0.6967467520581      1
                    0          0.16878520276343          0.42039071395838      1
                    0          0.41342243232564          0.85338433619391      1
                    0          0.83180120846361          0.42092131540576      1
                    0          0.86135499606184          0.75149570680827      1
                    0          0.13881286295443          0.75140261628584      1
                    0          0.75288310448244          0.13694934198137      1
                    0           0.2418072307766          0.13130726714065      1
                    0          0.40599523969119          0.13516346122279      1
                    0          0.58254759617945           0.3153718094251      1
                    0          0.28320757600098          0.28331935989622      1
                    0          0.71276192563814          0.28240685337152      1
                    0          0.72099364905389          0.55024047358084      1
                    0          0.27786484929858          0.54002158970997      1
                    0          0.87799153207185          0.87799153207185      1
                    0          0.12200846792815          0.87799153207185      1
                    0          0.87799153207185          0.12200846792815      1
                    0          0.12115987742584          0.12115987742584      1
                    1          0.58333333333333          0.85566243270259      2
                    1          0.58151095683405          0.15084264760875      2
                    1          0.14938268749257          0.59778760911776      2
                    1          0.85061731250743          0.59778760911776      2
                    1          0.13563026029831          0.24587982947336      2
                    1          0.86116202120266          0.24770627499776      2
                    1          0.25070622821348          0.85887132582403      2
                    1          0.74929377178652          0.85887132582403      2
                    1          0.69256464666227          0.69752871244649      2
                    1          0.50431632999927          0.70902550657874      2
                    1          0.58333333333333          0.56698729810778      2
                    1          0.42222044682423          0.56381293421555      2
                    1          0.50092563002626          0.42506358422101      2
                    1          0.66666666666666          0.42264973081038      2
                    1          0.34009054033824          0.42136993920006      2
                    1          0.44046591755563          0.28357129848508      2
                    1          0.30884536907441           0.6967467520581      2
                    1          0.16878520276343          0.42039071395838      2
                    1          0.41342243232564          0.85338433619391      2
                    1          0.83180120846361          0.42092131540576      2
                    1          0.86135499606184          0.75149570680827      2
                    1          0.13881286295443          0.75140261628584      2
                    1          0.75288310448244          0.13694934198137      2
                    1           0.2418072307766          0.13130726714065      2
                    1          0.40599523969119          0.13516346122279      2
                    1          0.58254759617945           0.3153718094251      2
                    1          0.28320757600098          0.28331935989622      2
                    1          0.71276192563814          0.28240685337152      2
                    1          0.72099364905389          0.55024047358084      2
                    1          0.27786484929858          0.54002158970997      2
                    1          0.87799153207185          0.87799153207185      2
                    1          0.12200846792815          0.87799153207185      2
                    1          0.87799153207185          0.12200846792815      2
                    1          0.12115987742584          0.12115987742584      2
     0.85566243270259                         0          0.58333333333333      3
     0.15084264760875                         0          0.58151095683405      3
     0.59778760911776                         0          0.14938268749257      3
     0.59778760911776                         0          0.85061731250743      3
     0.24587982947336                         0          0.13563026029831      3
     0.24770627499776                         0          0.86116202120266      3
     0.85887132582403                         0          0.25070622821348      3
     0.85887132582403                         0          0.74929377178652      3
     0.69752871244649                         0          0.69256464666227      3
     0.70902550657874                         0          0.50431632999927      3
     0.56698729810778                         0          0.58333333333333      3
     0.56381293421555                         0          0.42222044682423      3
     0.42506358422101                         0          0.50092563002626      3
     0.42264973081038                         0          0.66666666666666      3
     0.42136993920006                         0          0.34009054033824      3
     0.28357129848508                         0          0.44046591755563      3
      0.6967467520581                         0          0.30884536907441      3
     0.85338433619391                         0          0.41342243232564      3
     0.42039071395838                         0          0.16878520276343      3
     0.42092131540576                         0          0.83180120846361      3
     0.75149570680827                         0          0.86135499606184      3
     0.75140261628584                         0          0.13881286295443      3
     0.13694934198137                         0          0.75288310448244      3
     0.13130726714065                         0           0.2418072307766      3
     0.13516346122279                         0          0.40599523969119      3
      0.3153718094251                         0          0.58254759617945      3
     0.28331935989622                         0          0.28320757600098      3
     0.28240685337152                         0          0.71276192563814      3
     0.55024047358084                         0          0.72099364905389      3
     0.54002158970997                         0          0.27786484929858      3
     0.87799153207185                         0          0.87799153207185      3
     0.87799153207185                         0          0.12200846792815      3
     0.12200846792815                         0          0.87799153207185      3
     0.12115987742584                         0          0.12115987742584      3
     0.85566243270259                         1          0.58333333333333      4
     0.15084264760875                         1          0.58151095683405      4
     0.59778760911776                         1          0.14938268749257      4
     0.59778760911776                         1          0.85061731250743      4
     0.15130809014356                         1          0.26237422528476      4
     0.24770627499776                         1          0.86116202120266      4
     0.85887132582403                         1          0.25070622821348      4
     0.85887132582403                         1          0.74929377178652      4
     0.69752871244649                         1          0.69256464666227      4
     0.70902550657874                         1          0.50431632999927      4
     0.56698729810778                         1          0.58333333333333      4
     0.56381293421555                         1          0.42222044682423      4
     0.42506358422101                         1          0.50092563002626      4
     0.42126603086266                         1          0.33991056581854      4
     0.42264973081038                         1          0.66666666666666      4
     0.27222217094989                         1           0.4199000080987      4
      0.6967467520581                         1          0.30884536907441      4
     0.85338433619391                         1          0.41342243232564      4
     0.42204297535519                         1          0.16917503011234      4
     0.42092131540576                         1          0.83180120846361      4
     0.75149570680827                         1          0.86135499606184      4
     0.75140261628584                         1          0.13881286295443      4
     0.13694934198137                         1          0.75288310448244      4
     0.25556220400773                         1          0.13927835624181      4
     0.31310198391806                         1          0.57843441428806      4
     0.11487458174044                         1          0.41942370471017      4
     0.30448029426381                         1          0.26612763711123      4
     0.28202854912035                         1          0.71207639532291      4
     0.55024047358084                         1          0.72099364905389      4
     0.54033126032185                         1          0.27790681986442      4
     0.87799153207185                         1          0.87799153207185      4
     0.12200846792815                         1          0.12200846792815      4
     0.87799153207185                         1          0.12200846792815      4
     0.12200846792815                         1          0.87799153207185      4
     0.59778760911776          0.85061731250743                         0      5
     0.59778760911776          0.14938268749257                         0      5
     0.15084264760875          0.58151095683405                         0      5
     0.85566243270259          0.58333333333333                         0      5
     0.15130809014356          0.26237422528476                         0      5
     0.85887132582403          0.25070622821348                         0      5
     0.24770627499776          0.86116202120266                         0      5
     0.85887132582403          0.74929377178652                         0      5
     0.69752871244649          0.69256464666227                         0      5
     0.70902550657874          0.50431632999927                         0      5
     0.56698729810778          0.58333333333333                         0      5
     0.56381293421555          0.42222044682423                         0      5
     0.42506358422101          0.50092563002626                         0      5
     0.42126603086266          0.33991056581854                         0      5
     0.42264973081038          0.66666666666666                         0      5
     0.27222217094989           0.4199000080987                         0      5
     0.42092131540576          0.83180120846361                         0      5
     0.85581402175176          0.41750375970212                         0      5
     0.42204297535519          0.16917503011234                         0      5
     0.69676840763656          0.30896495379376                         0      5
     0.75149570680827          0.86135499606184                         0      5
      0.7514051943309          0.13882709923054                         0      5
     0.13694934198137          0.75288310448244                         0      5
     0.25556220400773          0.13927835624181                         0      5
     0.31310198391806          0.57843441428806                         0      5
     0.11487458174044          0.41942370471017                         0      5
     0.30448029426381          0.26612763711123                         0      5
     0.28202854912035          0.71207639532291                         0      5
     0.55024047358084          0.72099364905389                         0      5
     0.54033559143754          0.27793073680829                         0      5
     0.87799153207185          0.87799153207185                         0      5
     0.12200846792815          0.12200846792815                         0      5
     0.12200846792815          0.87799153207185                         0      5
     0.87799153207185          0.12200846792815                         0      5
     0.59778760911776          0.85061731250743                         1      6
     0.59778760911776          0.14938268749257                         1      6
     0.15084264760875          0.58151095683405                         1      6
     0.85566243270259          0.58333333333333                         1      6
     0.15130809014356          0.26237422528476                         1      6
     0.85887132582403          0.25070622821348                         1      6
     0.24770627499776          0.86116202120266                         1      6
     0.85887132582403          0.74929377178652                         1      6
     0.69752871244649          0.69256464666227                         1      6
     0.70902550657874          0.50431632999927                         1      6
     0.56698729810778          0.58333333333333                         1      6
     0.56381293421555          0.42222044682423                         1      6
     0.42506358422101          0.50092563002626                         1      6
     0.42126603086266          0.33991056581854                         1      6
     0.42264973081038          0.66666666666666                         1      6
     0.27222217094989           0.4199000080987                         1      6
     0.85581402175176          0.41750375970212                         1      6
     0.42092131540576          0.83180120846361                         1      6
     0.42204297535519          0.16917503011234                         1      6
     0.69676840763656          0.30896495379376                         1      6
     0.75149570680827          0.86135499606184                         1      6
     0.13694934198137          0.75288310448244                         1      6
      0.7514051943309          0.13882709923054                         1      6
     0.25556220400773          0.13927835624181                         1      6
     0.31310198391806          0.57843441428806                         1      6
     0.11487458174044          0.41942370471017                         1      6
     0.30448029426381          0.26612763711123                         1      6
     0.28202854912035          0.71207639532291                         1      6
     0.55024047358084          0.72099364905389                         1      6
     0.54033559143754          0.27793073680829                         1      6
     0.87799153207185          0.87799153207185                         1      6
     0.12200846792815          0.12200846792815                         1      6
     0.12200846792815          0.87799153207185                         1      6
     0.87799153207185          0.12200846792815                         1      6
     0.50587280654283           0.6037886592341          0.78141326258316      7
     0.66260067138705          0.63623884051357          0.28786796564404      7
     0.75980762113545          0.63286729486045          0.56961524227069      7
     0.62678027672681          0.64399769117329          0.73063266544407      7
     0.75046462257514            0.635986379876          0.40632408352991      7
     0.64131243756417          0.74321285130191          0.39570089189611      7
     0.53212984873941          0.72259747250245          0.30146023558112      7
     0.49843222777632           0.6750539489125          0.25637394010411      7
     0.38248682419768          0.68315631439883          0.29349475065101      7
     0.70792358990171          0.71617125910253          0.49385447313783      7
     0.58906431250233           0.7850723557559          0.52830724681544      7
      0.3960556722075           0.7472109722614           0.3655295128538      7
     0.67169691405088          0.71289603753031          0.62326981345528      7
     0.52827392321334          0.74152005364504          0.67569476074551      7
     0.41620033583022          0.78729205461788          0.52099741980504      7
     0.37167830110698          0.70487970959015          0.67764528192852      7
     0.28954159009877          0.70545014625401          0.55913962382407      7
     0.25997778839694          0.59986737453506          0.64971922201457      7
     0.21684489924782          0.59908623459252          0.50225987439908      7
     0.27521045601944          0.64313280494047          0.36222242175562      7
     0.22658879275911          0.49432587837787          0.37665448488535      7
     0.74998233135446          0.34530397094227          0.55981615671671      7
     0.20947671200221          0.42640596680574          0.51342152782499      7
     0.26248130050744          0.34505491107245          0.40213843037946      7
     0.28508805311409          0.29537011140334          0.54403934353082      7
     0.36933138714405           0.2373449184978          0.43724634054197      7
     0.41473285078468          0.22486340562779          0.58384132454794      7
     0.69496499817427          0.36375814728188          0.31717000504611      7
     0.35731008737015          0.29970051922192          0.32818700039369      7
     0.34977729012309          0.32043280923891          0.68758667713729      7
     0.51691337929619          0.20207073462125           0.4691440373402      7
     0.49864576300112          0.27893200998182          0.70279819977375      7
     0.32330261944778          0.50413546550192          0.25759345381969      7
      0.3682517355465          0.56521631667039          0.76151333972369      7
     0.36469954684519          0.36283526919388          0.72995570007935      7
     0.59751872842996          0.38458175790191          0.75916930180172      7
     0.63444672476763          0.28713481399128          0.66313335276617      7
     0.28167064336545           0.4518915626503          0.70004467072959      7
     0.57503879640428          0.35298167846362          0.24949093396282      7
      0.5915469466316          0.25813004407851          0.34795368802576      7
     0.69342203777895          0.27927219219071          0.43781358539726      7
     0.76871819894946          0.38650799921682          0.42992792773442      7
     0.51229661750973          0.78695801310513          0.41337499256812      7
     0.62519705452121          0.23051971671333          0.54130465420447      7
     0.30123329029168          0.40027961164709          0.29863555612157      7
      0.7036515633228          0.38941542568388           0.6905179589422      7
     0.39994065992714          0.37075148022556          0.24843897638883      7
     0.46232477219455          0.24499419389658          0.34653138410948      7
     0.30309119085183          0.72012594712442          0.44735507353572      7
       0.533603029078          0.22084817605567          0.60461881104914      7
     0.22222563546157          0.49627069881354          0.61325853044221      7
     0.47173459475705          0.68566895316488          0.73394039133315      7
     0.25757073855802          0.37466249991831          0.62457352957177      7
     0.72458962076252          0.60678735873666          0.66779738454397      7
     0.20414827988361          0.20304673244615          0.20550341593351      2
     0.79229939157944          0.79229939157944          0.79229939157944      2
     0.79456120978502          0.22182896424205          0.79456120978502      2
     0.18818416560957          0.19497987945557          0.69377410105905      2
     0.79725723459213          0.20644456831669          0.20502046696549      2
     0.79392962911544          0.79376782123422          0.20623217876578      2
     0.20645366595508          0.79257342817721          0.79448763686432      2
     0.20768789815298          0.79131094996806          0.20768789815298      2
     0.33257063878794          0.18243787756597          0.82531521061372      2
     0.19356592661748          0.17481226506028          0.43495878234215      2
     0.38943519397492          0.18427304767174          0.18399725340218      2
     0.82918225439707          0.79563085223378          0.59962833879594      2
     0.80240297312889          0.82748864265419          0.38500066892077      2
     0.82054502302335           0.4546707595211          0.82054502302335      2
     0.17873892828352          0.34079715766636          0.82329452622226      2
     0.17758807618781          0.37910362901624          0.16635839849726      2
     0.57429731560603          0.18137693980224          0.18060583355257      2
     0.61165303168307          0.18323933252312          0.81676066747688      2
     0.18212777955613           0.5608848608816          0.81604373340251      2
     0.16127847273052          0.82626218907547          0.48210732159071      2
     0.78603805409129          0.17047884004897          0.61509075676586      2
     0.81799405967291          0.42434194346562          0.18590384694202      2
      0.6296249863011          0.74999783329487          0.15589321674855      2
      0.8388674541684          0.62641375846383           0.2510032944224      2
     0.16181397993003           0.5846137927703          0.23309094440523      2
     0.50986285837762          0.83643047437021          0.83643047437021      2
     0.85101959532275          0.24475591220378          0.36751483059269      2
     0.50358550691796          0.85457898954061            0.199173929501      2
 Edges
 78
 2 11 1
 11 12 1
 12 13 1
 13 14 1
 14 15 1
 15 1 1
 1 16 2
 16 17 2
 17 18 2
 18 19 2
 19 20 2
 20 3 2
 4 21 3
 21 22 3
 22 23 3
 23 24 3
 24 25 3
 25 3 3
 2 26 4
 26 27 4
 27 28 4
 28 29 4
 29 30 4
 30 4 4
 6 31 5
 31 32 5
 32 33 5
 33 34 5
 34 35 5
 35 5 5
 5 36 6
 36 37 6
 37 38 6
 38 39 6
 39 40 6
 40 7 6
 8 41 7
 41 42 7
 42 43 7
 43 44 7
 44 45 7
 45 7 7
 6 46 8
 46 47 8
 47 48 8
 48 49 8
 49 50 8
 50 8 8
 2 51 9
 51 52 9
 52 53 9
 53 54 9
 54 55 9
 55 6 9
 1 56 10
 56 57 10
 57 58 10
 58 59 10
 59 60 10
 60 5 10
 4 61 11
 61 62 11
 62 63 11
 63 64 11
 64 65 11
 65 8 11
 3 66 12
 66 67 12
 67 68 12
 68 69 12
 69 70 12
 70 7 12
 10 71 14
 71 72 14
 72 73 14
 73 74 14
 74 75 14
 75 9 14
 Triangles
 658
 15 1 107 1
 1 16 107 1
 2 11 109 1
 26 2 109 1
 20 3 106 1
 3 25 106 1
 21 4 108 1
 4 30 108 1
 11 12 80 1
 11 80 109 1
 12 13 93 1
 80 12 93 1
 13 14 78 1
 13 78 93 1
 14 15 97 1
 78 14 97 1
 97 15 107 1
 16 17 82 1
 16 82 107 1
 17 18 94 1
 82 17 94 1
 18 19 76 1
 18 76 94 1
 19 20 83 1
 76 19 83 1
 83 20 106 1
 22 21 81 1
 81 21 108 1
 23 22 95 1
 22 81 95 1
 24 23 79 1
 79 23 95 1
 25 24 96 1
 24 79 96 1
 25 96 106 1
 27 26 99 1
 99 26 109 1
 28 27 100 1
 27 99 100 1
 29 28 77 1
 77 28 100 1
 30 29 98 1
 29 77 98 1
 30 98 108 1
 76 83 84 1
 76 84 85 1
 76 85 94 1
 91 77 100 1
 77 91 101 1
 98 77 103 1
 77 101 103 1
 92 78 97 1
 78 92 105 1
 93 78 105 1
 79 84 96 1
 84 79 104 1
 79 95 104 1
 80 93 102 1
 99 80 102 1
 80 99 109 1
 95 81 103 1
 81 98 103 1
 98 81 108 1
 92 82 94 1
 82 92 97 1
 82 97 107 1
 84 83 96 1
 96 83 106 1
 85 84 86 1
 86 84 104 1
 85 86 87 1
 85 87 92 1
 85 92 94 1
 87 86 88 1
 88 86 89 1
 89 86 104 1
 87 88 90 1
 87 90 105 1
 92 87 105 1
 88 89 101 1
 90 88 91 1
 91 88 101 1
 89 95 103 1
 95 89 104 1
 101 89 103 1
 90 91 102 1
 93 90 102 1
 90 93 105 1
 91 100 102 1
 100 99 102 1
 35 141 5 2
 5 141 36 2
 6 143 31 2
 46 143 6 2
 40 140 7 2
 7 140 45 2
 41 142 8 2
 8 142 50 2
 31 114 32 2
 31 143 114 2
 32 127 33 2
 114 127 32 2
 33 112 34 2
 33 127 112 2
 34 131 35 2
 112 131 34 2
 131 141 35 2
 36 116 37 2
 36 141 116 2
 37 128 38 2
 116 128 37 2
 38 110 39 2
 38 128 110 2
 39 117 40 2
 110 117 39 2
 117 140 40 2
 42 115 41 2
 115 142 41 2
 43 129 42 2
 42 129 115 2
 44 113 43 2
 113 129 43 2
 45 130 44 2
 44 130 113 2
 45 140 130 2
 47 133 46 2
 133 143 46 2
 48 134 47 2
 47 134 133 2
 49 111 48 2
 111 134 48 2
 50 132 49 2
 49 132 111 2
 50 142 132 2
 110 118 117 2
 110 119 118 2
 110 128 119 2
 125 134 111 2
 111 135 125 2
 132 137 111 2
 111 137 135 2
 126 131 112 2
 112 139 126 2
 127 139 112 2
 113 130 118 2
 118 138 113 2
 113 138 129 2
 114 136 127 2
 133 136 114 2
 114 143 133 2
 129 137 115 2
 115 137 132 2
 132 142 115 2
 126 128 116 2
 116 131 126 2
 116 141 131 2
 118 130 117 2
 130 140 117 2
 119 120 118 2
 120 138 118 2
 119 121 120 2
 119 126 121 2
 119 128 126 2
 121 122 120 2
 122 123 120 2
 123 138 120 2
 121 124 122 2
 121 139 124 2
 126 139 121 2
 122 135 123 2
 124 125 122 2
 125 135 122 2
 123 137 129 2
 129 138 123 2
 135 137 123 2
 124 136 125 2
 127 136 124 2
 124 139 127 2
 125 136 134 2
 134 136 133 2
 1 15 176 3
 56 1 176 3
 11 2 177 3
 2 51 177 3
 35 5 174 3
 5 60 174 3
 6 31 175 3
 55 6 175 3
 12 11 167 3
 167 11 177 3
 13 12 168 3
 12 167 168 3
 14 13 145 3
 145 13 168 3
 15 14 166 3
 14 145 166 3
 15 166 176 3
 31 32 150 3
 31 150 175 3
 32 33 161 3
 150 32 161 3
 33 34 144 3
 33 144 161 3
 34 35 151 3
 144 34 151 3
 151 35 174 3
 51 52 148 3
 51 148 177 3
 52 53 162 3
 148 52 162 3
 53 54 146 3
 53 146 162 3
 54 55 165 3
 146 54 165 3
 165 55 175 3
 57 56 149 3
 149 56 176 3
 58 57 163 3
 57 149 163 3
 59 58 147 3
 147 58 163 3
 60 59 164 3
 59 147 164 3
 60 164 174 3
 144 151 152 3
 144 152 153 3
 144 153 161 3
 159 145 168 3
 145 159 169 3
 166 145 171 3
 145 169 171 3
 160 146 165 3
 146 160 173 3
 162 146 173 3
 147 152 164 3
 152 147 172 3
 147 163 172 3
 148 162 170 3
 167 148 170 3
 148 167 177 3
 163 149 171 3
 149 166 171 3
 166 149 176 3
 160 150 161 3
 150 160 165 3
 150 165 175 3
 152 151 164 3
 164 151 174 3
 153 152 154 3
 154 152 172 3
 153 154 155 3
 153 155 160 3
 153 160 161 3
 155 154 156 3
 156 154 157 3
 157 154 172 3
 155 156 158 3
 155 158 173 3
 160 155 173 3
 156 157 169 3
 158 156 159 3
 159 156 169 3
 157 163 171 3
 163 157 172 3
 169 157 171 3
 158 159 170 3
 162 158 170 3
 158 162 173 3
 159 168 170 3
 168 167 170 3
 3 211 25 4
 66 211 3 4
 21 209 4 4
 4 209 61 4
 45 208 7 4
 7 208 70 4
 8 210 41 4
 65 210 8 4
 22 182 21 4
 182 209 21 4
 23 203 22 4
 22 203 182 4
 24 179 23 4
 179 203 23 4
 25 200 24 4
 24 200 179 4
 25 211 200 4
 41 184 42 4
 41 210 184 4
 42 195 43 4
 184 195 42 4
 43 178 44 4
 43 195 178 4
 44 185 45 4
 178 185 44 4
 185 208 45 4
 61 201 62 4
 61 209 201 4
 62 196 63 4
 62 201 196 4
 63 180 64 4
 63 196 180 4
 64 199 65 4
 180 199 64 4
 199 210 65 4
 67 183 66 4
 183 211 66 4
 68 197 67 4
 67 197 183 4
 69 181 68 4
 181 197 68 4
 70 198 69 4
 69 198 181 4
 70 208 198 4
 178 186 185 4
 178 187 186 4
 178 195 187 4
 179 202 193 4
 193 203 179 4
 200 205 179 4
 179 205 202 4
 194 199 180 4
 180 207 194 4
 196 207 180 4
 181 198 186 4
 186 206 181 4
 181 206 197 4
 182 203 193 4
 193 204 182 4
 182 204 201 4
 201 209 182 4
 197 205 183 4
 183 205 200 4
 200 211 183 4
 194 195 184 4
 184 199 194 4
 184 210 199 4
 186 198 185 4
 198 208 185 4
 187 188 186 4
 188 206 186 4
 187 189 188 4
 187 194 189 4
 187 195 194 4
 189 190 188 4
 190 192 188 4
 192 206 188 4
 189 191 190 4
 189 207 191 4
 194 207 189 4
 191 193 190 4
 190 202 192 4
 193 202 190 4
 191 204 193 4
 196 204 191 4
 191 207 196 4
 192 205 197 4
 197 206 192 4
 202 205 192 4
 201 204 196 4
 2 26 243 5
 51 2 243 5
 30 4 244 5
 4 61 244 5
 46 6 245 5
 6 55 245 5
 8 50 242 5
 65 8 242 5
 26 27 216 5
 26 216 243 5
 27 28 237 5
 216 27 237 5
 28 29 214 5
 28 214 237 5
 29 30 234 5
 214 29 234 5
 234 30 244 5
 47 46 217 5
 217 46 245 5
 48 47 229 5
 47 217 229 5
 49 48 215 5
 215 48 229 5
 50 49 219 5
 49 215 219 5
 50 219 242 5
 52 51 235 5
 235 51 243 5
 53 52 230 5
 230 52 235 5
 54 53 213 5
 213 53 230 5
 55 54 233 5
 54 213 233 5
 55 233 245 5
 61 62 218 5
 61 218 244 5
 62 63 228 5
 218 62 228 5
 63 64 212 5
 63 212 228 5
 64 65 232 5
 212 64 232 5
 232 65 242 5
 220 212 232 5
 212 220 240 5
 228 212 240 5
 213 230 241 5
 213 231 233 5
 231 213 241 5
 227 214 236 5
 214 227 237 5
 214 234 239 5
 236 214 239 5
 219 215 220 5
 220 215 221 5
 221 215 229 5
 227 216 237 5
 216 227 238 5
 235 216 238 5
 216 235 243 5
 229 217 231 5
 231 217 233 5
 233 217 245 5
 218 228 239 5
 234 218 239 5
 218 234 244 5
 219 220 232 5
 219 232 242 5
 220 221 222 5
 220 222 240 5
 222 221 223 5
 223 221 231 5
 221 229 231 5
 222 223 224 5
 222 224 226 5
 222 226 240 5
 224 223 225 5
 225 223 241 5
 223 231 241 5
 224 225 227 5
 226 224 236 5
 224 227 236 5
 227 225 238 5
 225 230 238 5
 230 225 241 5
 228 226 239 5
 226 228 240 5
 226 236 239 5
 230 235 238 5
 1 277 16 6
 56 277 1 6
 20 278 3 6
 3 278 66 6
 36 279 5 6
 5 279 60 6
 7 276 40 6
 70 276 7 6
 16 250 17 6
 16 277 250 6
 17 271 18 6
 250 271 17 6
 18 248 19 6
 18 271 248 6
 19 267 20 6
 248 267 19 6
 267 278 20 6
 37 251 36 6
 251 279 36 6
 38 262 37 6
 37 262 251 6
 39 249 38 6
 249 262 38 6
 40 253 39 6
 39 253 249 6
 40 276 253 6
 57 269 56 6
 269 277 56 6
 58 264 57 6
 264 269 57 6
 59 247 58 6
 247 264 58 6
 60 268 59 6
 59 268 247 6
 60 279 268 6
 66 252 67 6
 66 278 252 6
 67 263 68 6
 252 263 67 6
 68 246 69 6
 68 263 246 6
 69 266 70 6
 246 266 69 6
 266 276 70 6
 254 266 246 6
 246 274 254 6
 263 274 246 6
 247 275 264 6
 247 268 265 6
 265 275 247 6
 261 270 248 6
 248 271 261 6
 248 273 267 6
 270 273 248 6
 253 254 249 6
 254 255 249 6
 255 262 249 6
 261 271 250 6
 250 272 261 6
 269 272 250 6
 250 277 269 6
 262 265 251 6
 265 268 251 6
 268 279 251 6
 252 273 263 6
 267 273 252 6
 252 278 267 6
 253 266 254 6
 253 276 266 6
 254 256 255 6
 254 274 256 6
 256 257 255 6
 257 265 255 6
 255 265 262 6
 256 258 257 6
 256 260 258 6
 256 274 260 6
 258 259 257 6
 259 275 257 6
 257 275 265 6
 258 261 259 6
 260 270 258 6
 258 270 261 6
 261 272 259 6
 259 272 264 6
 264 275 259 6
 263 273 260 6
 260 274 263 6
 260 273 270 6
 264 272 269 6
 75 9 283 7
 9 75 315 7
 9 280 283 7
 280 9 314 7
 314 9 315 7
 10 71 287 7
 71 10 318 7
 10 287 326 7
 318 10 326 7
 71 72 281 7
 72 71 307 7
 71 281 287 7
 307 71 318 7
 72 73 284 7
 73 72 321 7
 281 72 284 7
 72 307 321 7
 73 74 282 7
 74 73 301 7
 73 282 284 7
 301 73 321 7
 75 74 325 7
 74 75 333 7
 282 74 333 7
 74 301 325 7
 75 283 333 7
 315 75 325 7
 283 280 331 7
 313 280 314 7
 280 313 331 7
 281 284 285 7
 281 285 286 7
 281 286 287 7
 284 282 289 7
 289 282 292 7
 292 282 333 7
 292 283 293 7
 283 292 333 7
 293 283 331 7
 285 284 289 7
 286 285 322 7
 285 289 290 7
 285 290 322 7
 287 286 288 7
 288 286 291 7
 291 286 322 7
 287 288 312 7
 287 312 326 7
 288 291 299 7
 288 299 312 7
 290 289 292 7
 290 292 293 7
 290 293 294 7
 290 294 322 7
 294 291 322 7
 291 294 328 7
 299 291 328 7
 294 293 295 7
 295 293 331 7
 294 295 296 7
 294 296 328 7
 296 295 297 7
 297 295 313 7
 313 295 331 7
 296 297 298 7
 296 298 328 7
 298 297 330 7
 297 313 317 7
 297 317 330 7
 299 298 300 7
 298 299 328 7
 300 298 302 7
 302 298 330 7
 299 300 312 7
 300 302 303 7
 300 303 324 7
 312 300 324 7
 316 301 323 7
 301 316 325 7
 320 301 321 7
 301 320 323 7
 303 302 304 7
 304 302 332 7
 302 330 332 7
 303 304 305 7
 303 305 308 7
 303 308 324 7
 305 304 306 7
 306 304 309 7
 309 304 332 7
 305 306 310 7
 308 305 327 7
 305 310 327 7
 306 309 311 7
 310 306 329 7
 306 311 329 7
 307 318 319 7
 307 319 320 7
 307 320 321 7
 324 308 326 7
 326 308 327 7
 311 309 314 7
 314 309 317 7
 317 309 332 7
 319 310 320 7
 310 319 327 7
 320 310 323 7
 323 310 329 7
 311 314 315 7
 311 315 316 7
 311 316 329 7
 312 324 326 7
 313 314 317 7
 316 315 325 7
 316 323 329 7
 330 317 332 7
 319 318 327 7
 318 326 327 7
 Tetrahedra
 1126
 283 333 335 347 2
 110 335 333 347 2
 331 273 260 359 2
 331 340 273 359 2
 254 335 249 347 2
 296 205 202 353 2
 170 308 305 344 2
 333 110 118 335 2
 305 308 170 343 2
 205 295 296 202 2
 296 340 205 353 2
 170 334 308 344 2
 283 335 254 347 2
 297 296 84 340 2
 304 332 105 337 2
 259 311 275 342 2
 308 334 170 343 2
 205 296 295 340 2
 285 322 189 207 2
 84 340 296 353 2
 332 330 85 348 2
 104 84 297 296 2
 295 192 205 359 2
 110 249 335 347 2
 254 75 283 347 2
 75 333 283 347 2
 332 317 330 348 2
 157 172 311 342 2
 295 205 340 359 2
 275 342 311 351 2
 157 306 311 329 2
 277 337 107 348 2
 295 340 331 359 2
 297 298 104 296 2
 82 107 337 348 2
 172 157 311 329 2
 169 306 304 337 2
 193 291 328 341 2
 277 176 337 342 2
 277 342 337 348 2
 107 277 176 337 2
 322 207 285 361 2
 186 293 292 335 2
 104 84 296 353 2
 304 302 105 332 2
 82 277 107 348 2
 75 254 255 347 2
 299 103 89 353 2
 300 324 303 349 2
 204 291 193 341 2
 291 341 204 361 2
 197 340 205 359 2
 263 273 340 359 2
 169 337 304 343 2
 263 260 273 359 2
 192 197 205 359 2
 260 273 331 313 2
 306 169 304 343 2
 334 344 238 349 2
 299 341 103 353 2
 205 192 295 202 2
 294 296 295 202 2
 289 345 284 346 2
 306 157 311 342 2
 306 305 169 343 2
 228 239 226 288 2
 285 194 339 356 2
 282 333 74 120 2
 249 253 117 335 2
 293 335 186 359 2
 193 341 328 353 2
 282 284 289 345 2
 300 303 91 349 2
 303 334 102 349 2
 236 226 239 288 2
 197 252 183 340 2
 228 239 288 341 2
 323 316 329 354 2
 149 337 176 342 2
 305 308 327 344 2
 105 332 92 337 2
 87 105 302 332 2
 285 194 356 361 2
 322 285 286 361 2
 306 304 305 343 2
 325 301 74 126 2
 218 228 201 341 2
 123 284 345 346 2
 333 282 118 120 2
 163 172 157 342 2
 305 158 170 344 2
 228 341 288 361 2
 288 239 236 358 2
 104 86 298 297 2
 304 337 105 343 2
 288 226 228 361 2
 320 160 319 338 2
 277 149 176 342 2
 241 318 344 350 2
 192 294 295 202 2
 186 292 290 345 2
 197 263 340 359 2
 228 196 201 341 2
 305 327 158 344 2
 329 152 316 351 2
 303 102 334 343 2
 126 74 325 347 2
 328 341 299 353 2
 155 319 320 160 2
 263 252 197 340 2
 102 91 303 349 2
 285 356 286 361 2
 126 325 336 347 2
 117 110 249 335 2
 169 171 306 337 2
 85 92 332 348 2
 277 269 149 342 2
 138 123 345 346 2
 207 194 285 361 2
 105 87 92 332 2
 118 74 333 120 2
 186 335 292 345 2
 90 300 303 91 2
 220 356 281 357 2
 152 329 316 354 2
 95 89 103 353 2
 319 338 160 350 2
 306 337 171 342 2
 254 335 283 359 2
 277 250 342 348 2
 246 335 254 359 2
 186 335 181 359 2
 191 291 204 361 2
 305 306 169 156 2
 307 338 318 355 2
 207 189 285 194 2
 266 181 198 335 2
 124 139 121 321 2
 302 304 105 343 2
 255 254 249 347 2
 79 340 84 353 2
 329 311 172 351 2
 86 104 84 297 2
 157 306 171 342 2
 324 334 303 349 2
 285 339 194 346 2
 292 186 290 293 2
 246 181 335 359 2
 79 200 96 340 2
 206 293 186 359 2
 224 236 10 226 2
 228 196 341 361 2
 333 335 118 345 2
 152 323 329 354 2
 264 342 275 351 2
 320 160 338 360 2
 204 201 196 341 2
 277 82 250 348 2
 329 172 152 351 2
 315 259 311 275 2
 139 301 121 321 2
 204 341 196 361 2
 303 302 90 343 2
 105 90 302 343 2
 89 298 299 353 2
 288 341 239 358 2
 323 154 152 329 2
 277 250 269 342 2
 266 246 181 335 2
 102 90 303 91 2
 297 85 86 330 2
 306 169 157 171 2
 160 153 161 360 2
 321 139 301 360 2
 255 75 256 254 2
 321 124 139 360 2
 90 102 303 343 2
 310 319 320 155 2
 231 318 338 355 2
 160 320 153 360 2
 126 301 74 121 2
 79 179 200 340 2
 285 290 289 346 2
 330 87 302 332 2
 295 293 192 359 2
 154 172 152 329 2
 205 340 179 353 2
 153 354 161 360 2
 79 179 340 353 2
 88 300 101 298 2
 193 204 191 291 2
 125 321 355 360 2
 167 334 80 343 2
 298 104 296 353 2
 254 75 256 283 2
 176 166 107 337 2
 73 282 120 123 2
 231 338 318 350 2
 122 123 135 284 2
 253 249 254 335 2
 117 118 110 335 2
 186 206 188 293 2
 320 354 153 360 2
 73 282 123 284 2
 101 89 88 298 2
 259 275 264 342 2
 290 186 188 293 2
 291 288 341 361 2
 333 118 282 345 2
 254 283 274 359 2
 324 308 303 334 2
 297 340 84 352 2
 290 289 187 345 2
 289 187 345 346 2
 155 173 319 160 2
 153 323 320 155 2
 173 319 160 350 2
 193 182 341 353 2
 226 236 10 312 2
 303 300 90 302 2
 169 145 337 343 2
 187 186 290 345 2
 176 149 166 337 2
 294 296 202 353 2
 299 298 328 353 2
 236 226 288 312 2
 251 116 336 347 2
 97 107 166 337 2
 303 334 308 343 2
 306 309 337 342 2
 139 354 301 360 2
 104 79 84 353 2
 161 354 127 360 2
 120 282 138 123 2
 290 285 322 189 2
 159 169 305 343 2
 284 135 122 72 2
 310 320 323 155 2
 125 124 321 360 2
 155 320 153 160 2
 78 105 337 343 2
 193 203 182 353 2
 317 348 261 352 2
 118 119 74 120 2
 123 122 73 284 2
 160 150 338 360 2
 194 187 285 346 2
 273 340 313 352 2
 122 125 124 321 2
 291 191 294 322 2
 219 339 220 357 2
 187 289 290 346 2
 332 92 337 348 2
 220 221 215 357 2
 285 290 187 189 2
 139 127 354 360 2
 82 107 97 337 2
 122 125 321 72 2
 281 71 220 357 2
 72 125 321 355 2
 83 340 267 352 2
 187 285 189 194 2
 302 303 304 343 2
 180 339 194 356 2
 86 84 85 297 2
 86 298 297 330 2
 123 284 346 357 2
 159 305 169 156 2
 205 197 183 340 2
 297 85 330 352 2
 246 254 274 359 2
 206 186 181 359 2
 220 339 356 357 2
 307 355 321 360 2
 74 126 121 119 2
 205 200 179 340 2
 204 193 182 341 2
 285 187 290 346 2
 307 338 319 350 2
 180 199 339 356 2
 263 273 252 340 2
 317 261 313 352 2
 319 173 327 350 2
 205 179 202 353 2
 292 293 283 335 2
 170 305 159 158 2
 217 338 133 355 2
 284 122 73 72 2
 170 159 305 343 2
 188 206 192 293 2
 288 236 312 358 2
 283 335 293 359 2
 301 73 121 321 2
 124 121 73 321 2
 139 126 301 354 2
 88 90 300 302 2
 246 266 254 335 2
 186 198 181 335 2
 228 218 239 341 2
 152 316 351 354 2
 124 73 122 321 2
 220 71 281 356 2
 327 173 158 344 2
 322 190 290 189 2
 220 71 221 357 2
 173 344 327 350 2
 260 273 313 270 2
 188 192 294 293 2
 264 163 342 351 2
 215 219 220 357 2
 84 85 297 352 2
 126 119 74 347 2
 193 328 291 294 2
 275 311 315 351 2
 191 322 291 361 2
 160 161 150 360 2
 215 221 355 357 2
 251 128 116 347 2
 121 126 301 139 2
 190 294 191 322 2
 295 294 192 293 2
 80 334 102 343 2
 273 313 270 352 2
 291 191 193 294 2
 222 71 220 356 2
 219 215 132 357 2
 165 338 233 350 2
 79 96 84 340 2
 329 156 306 310 2
 167 170 334 343 2
 194 180 356 361 2
 138 129 123 346 2
 161 144 127 354 2
 173 327 158 155 2
 157 172 154 329 2
 168 167 80 343 2
 256 274 254 283 2
 123 346 137 357 2
 219 132 339 357 2
 315 257 259 275 2
 89 104 298 353 2
 103 299 89 358 2
 91 90 300 88 2
 194 180 199 339 2
 251 336 265 347 2
 116 126 336 347 2
 234 239 341 358 2
 241 231 318 350 2
 187 186 188 290 2
 321 73 122 72 2
 292 289 290 345 2
 138 118 282 120 2
 139 127 112 354 2
 98 234 341 358 2
 118 138 282 345 2
 212 232 199 356 2
 112 127 144 354 2
 284 135 72 357 2
 267 76 83 352 2
 318 223 231 241 2
 298 86 302 330 2
 73 120 122 123 2
 273 267 340 352 2
 206 192 293 359 2
 86 88 298 302 2
 232 339 199 356 2
 84 340 83 352 2
 315 336 325 347 2
 186 185 335 345 2
 160 338 165 350 2
 247 147 264 351 2
 307 319 318 350 2
 130 335 185 345 2
 306 311 309 342 2
 290 188 294 293 2
 73 74 121 120 2
 226 240 228 361 2
 257 255 75 256 2
 138 345 129 346 2
 264 147 163 351 2
 191 207 322 361 2
 233 338 231 350 2
 103 341 299 358 2
 156 158 305 310 2
 305 159 158 156 2
 161 114 150 360 2
 123 135 284 357 2
 154 323 152 354 2
 154 156 329 310 2
 294 191 193 190 2
 145 78 337 343 2
 214 349 227 358 2
 86 87 302 330 2
 236 214 227 358 2
 307 320 319 338 2
 311 259 314 342 2
 98 77 234 358 2
 270 313 258 261 2
 222 10 71 356 2
 301 73 74 121 2
 307 318 338 350 2
 189 322 191 207 2
 114 338 150 360 2
 180 212 199 356 2
 295 296 297 340 2
 262 128 251 347 2
 318 223 71 231 2
 299 328 291 341 2
 193 328 294 353 2
 294 190 290 322 2
 313 261 270 352 2
 190 188 290 189 2
 88 86 87 302 2
 215 111 132 357 2
 306 169 156 157 2
 133 338 136 355 2
 116 128 126 347 2
 74 73 282 120 2
 153 320 323 354 2
 306 309 304 337 2
 67 183 197 252 2
 313 340 297 352 2
 71 355 221 357 2
 75 9 257 256 2
 318 231 71 355 2
 217 133 134 355 2
 294 190 192 188 2
 234 214 239 358 2
 153 323 154 354 2
 193 294 202 353 2
 315 265 336 347 2
 220 222 221 71 2
 231 338 217 355 2
 148 235 334 344 2
 315 75 255 347 2
 226 10 224 222 2
 264 247 58 147 2
 178 129 113 345 2
 121 73 122 124 2
 151 174 131 336 2
 322 191 190 189 2
 174 279 141 336 2
 297 313 295 340 2
 235 238 334 344 2
 72 321 307 355 2
 58 163 264 147 2
 141 131 174 336 2
 253 140 117 335 2
 151 336 131 354 2
 174 268 279 336 2
 292 335 333 345 2
 239 214 236 358 2
 251 265 262 347 2
 131 336 126 354 2
 119 121 74 120 2
 253 276 140 335 2
 80 102 93 343 2
 71 223 221 231 2
 152 351 336 354 2
 298 88 300 302 2
 10 236 224 312 2
 285 339 281 356 2
 103 89 101 358 2
 127 114 161 360 2
 165 233 213 350 2
 77 234 29 98 2
 86 88 89 298 2
 268 174 164 336 2
 201 228 218 62 2
 263 67 197 252 2
 113 130 185 345 2
 285 281 339 346 2
 310 158 327 155 2
 305 306 156 310 2
 276 208 140 335 2
 279 251 116 336 2
 313 258 260 270 2
 116 141 279 336 2
 164 336 152 351 2
 52 235 148 344 2
 185 130 208 335 2
 285 284 281 346 2
 325 336 316 354 2
 99 109 243 334 2
 267 248 76 352 2
 158 327 305 310 2
 323 153 154 155 2
 71 231 221 355 2
 198 208 276 335 2
 208 130 140 335 2
 109 167 177 334 2
 253 117 39 249 2
 162 230 344 350 2
 257 259 9 315 2
 91 300 349 358 2
 336 351 316 354 2
 87 105 90 302 2
 93 168 80 343 2
 136 355 338 360 2
 338 355 307 360 2
 122 135 125 72 2
 115 184 339 346 2
 213 146 165 350 2
 187 178 345 346 2
 164 268 336 351 2
 255 315 257 75 2
 37 116 251 128 2
 315 336 265 351 2
 320 338 307 360 2
 294 190 188 290 2
 77 214 234 358 2
 132 215 219 49 2
 76 19 267 83 2
 276 266 198 335 2
 224 10 225 223 2
 245 143 133 338 2
 332 337 309 348 2
 109 177 243 334 2
 310 323 154 155 2
 53 230 162 350 2
 201 196 228 62 2
 80 167 109 334 2
 125 355 136 360 2
 133 217 245 338 2
 101 91 300 88 2
 167 168 170 343 2
 148 235 243 334 2
 164 151 152 336 2
 118 335 130 345 2
 242 219 132 339 2
 104 86 89 298 2
 230 241 225 344 2
 194 207 180 361 2
 151 131 112 354 2
 158 173 162 344 2
 153 154 152 354 2
 142 242 132 339 2
 106 200 211 340 2
 245 175 143 338 2
 243 177 148 334 2
 193 294 190 202 2
 269 250 272 342 2
 267 83 106 340 2
 258 314 259 261 2
 102 334 99 349 2
 272 342 250 348 2
 284 339 281 346 2
 93 78 13 343 2
 76 84 83 352 2
 175 245 233 338 2
 218 201 209 341 2
 265 315 255 347 2
 87 86 85 330 2
 115 339 137 346 2
 216 334 238 349 2
 305 303 308 343 2
 108 98 234 341 2
 106 278 267 340 2
 137 346 339 357 2
 142 210 242 339 2
 146 160 165 350 2
 115 184 210 339 2
 234 244 108 341 2
 90 93 102 343 2
 142 115 210 339 2
 152 336 151 354 2
 145 13 78 343 2
 108 244 209 341 2
 178 113 185 345 2
 273 248 267 352 2
 278 106 211 340 2
 278 211 252 340 2
 78 97 166 337 2
 175 114 143 338 2
 213 233 231 350 2
 162 344 173 350 2
 218 209 244 341 2
 209 81 108 341 2
 300 324 349 358 2
 125 72 135 357 2
 106 96 200 340 2
 242 210 199 339 2
 326 238 344 349 2
 241 344 230 350 2
 150 114 175 338 2
 111 215 355 357 2
 281 356 339 357 2
 259 311 314 315 2
 139 112 126 354 2
 149 171 337 342 2
 301 354 320 360 2
 265 315 257 255 2
 171 166 149 337 2
 53 162 146 350 2
 186 178 185 345 2
 183 252 211 340 2
 175 233 165 338 2
 115 129 42 346 2
 90 88 87 302 2
 112 131 126 354 2
 52 230 235 344 2
 53 213 230 350 2
 271 348 94 352 2
 199 232 242 339 2
 192 190 294 202 2
 148 334 170 344 2
 288 287 226 361 2
 225 241 326 344 2
 259 272 314 342 2
 99 334 216 349 2
 110 39 117 249 2
 191 204 196 361 2
 123 129 137 346 2
 315 265 275 351 2
 52 148 162 344 2
 268 265 336 351 2
 94 348 85 352 2
 331 293 295 359 2
 272 259 314 261 2
 262 37 251 128 2
 9 258 314 259 2
 161 144 33 127 2
 339 346 284 357 2
 229 217 134 355 2
 234 77 29 214 2
 144 112 33 127 2
 43 113 178 129 2
 178 195 43 129 2
 166 145 78 337 2
 294 328 296 353 2
 185 44 130 113 2
 134 133 136 355 2
 224 236 227 312 2
 243 216 99 334 2
 93 90 105 343 2
 111 215 132 49 2
 9 258 259 257 2
 314 261 317 348 2
 144 151 112 354 2
 32 150 161 114 2
 34 112 151 131 2
 261 348 271 352 2
 164 174 151 336 2
 318 326 241 344 2
 272 314 342 348 2
 125 355 72 357 2
 164 147 268 351 2
 275 247 264 351 2
 301 325 316 354 2
 329 323 154 310 2
 92 82 337 348 2
 266 181 69 198 2
 314 258 313 261 2
 96 79 24 200 2
 309 337 342 348 2
 217 47 134 133 2
 13 145 168 343 2
 318 327 344 350 2
 272 261 314 348 2
 257 315 265 275 2
 199 212 64 232 2
 313 317 314 261 2
 147 268 59 164 2
 186 187 178 345 2
 214 237 227 349 2
 97 166 14 78 2
 195 42 129 346 2
 147 172 163 351 2
 156 158 310 155 2
 13 168 93 343 2
 194 339 184 346 2
 187 195 178 346 2
 223 222 10 71 2
 213 233 165 54 2
 169 145 171 337 2
 285 281 286 356 2
 19 267 248 76 2
 284 281 339 357 2
 27 237 100 349 2
 53 146 213 350 2
 271 94 76 352 2
 253 254 266 335 2
 186 185 198 335 2
 130 118 117 335 2
 185 44 113 178 2
 291 322 286 361 2
 127 32 161 114 2
 34 112 144 151 2
 326 344 334 349 2
 290 188 187 189 2
 144 161 153 354 2
 181 266 69 246 2
 229 231 217 355 2
 125 136 124 360 2
 247 268 147 351 2
 182 81 209 341 2
 145 169 159 343 2
 229 111 215 355 2
 216 237 27 349 2
 259 264 272 342 2
 95 81 22 203 2
 48 111 215 229 2
 229 48 111 134 2
 105 78 93 343 2
 212 199 64 180 2
 145 14 166 78 2
 268 147 59 247 2
 223 221 222 71 2
 82 97 92 337 2
 54 165 213 146 2
 111 229 134 355 2
 332 309 317 348 2
 160 150 165 338 2
 91 101 300 358 2
 78 105 92 337 2
 162 230 52 344 2
 129 115 137 346 2
 98 341 103 358 2
 315 316 325 336 2
 231 233 217 338 2
 232 220 339 356 2
 92 85 94 348 2
 220 219 232 339 2
 79 179 24 200 2
 81 182 22 203 2
 291 288 299 341 2
 94 271 17 348 2
 304 309 332 337 2
 298 296 328 353 2
 84 96 83 340 2
 230 225 238 344 2
 274 256 280 283 2
 171 163 157 342 2
 271 18 76 94 2
 329 316 311 351 2
 194 199 184 339 2
 237 28 100 77 2
 10 318 223 71 2
 280 331 260 359 2
 120 121 73 122 2
 271 76 248 352 2
 263 274 260 359 2
 206 197 192 359 2
 94 17 82 348 2
 265 251 268 336 2
 131 116 126 336 2
 253 266 276 335 2
 185 208 198 335 2
 140 130 117 335 2
 28 237 214 77 2
 238 216 235 334 2
 326 227 238 349 2
 110 38 249 347 2
 167 80 12 168 2
 125 111 355 357 2
 292 333 282 345 2
 229 217 47 134 2
 259 314 9 315 2
 307 318 71 355 2
 141 116 131 336 2
 173 160 146 350 2
 279 268 251 336 2
 128 38 110 347 2
 99 80 109 334 2
 241 213 231 350 2
 250 17 271 348 2
 76 248 18 271 2
 57 149 269 342 2
 262 249 38 347 2
 273 270 248 352 2
 288 299 341 358 2
 283 333 292 335 2
 274 283 280 359 2
 177 167 148 334 2
 280 260 274 359 2
 321 301 320 360 2
 225 326 238 344 2
 250 82 17 348 2
 91 349 100 358 2
 154 156 310 155 2
 180 212 356 361 2
 74 333 75 347 2
 125 135 111 357 2
 132 137 339 357 2
 313 331 260 280 2
 128 262 38 347 2
 133 143 114 338 2
 170 158 162 344 2
 89 95 104 353 2
 99 102 80 334 2
 269 264 57 342 2
 308 324 326 334 2
 165 150 175 338 2
 168 80 12 93 2
 204 182 201 341 2
 128 119 126 347 2
 315 316 336 351 2
 200 183 211 340 2
 148 167 170 334 2
 57 264 163 342 2
 242 232 219 339 2
 235 230 238 344 2
 57 163 149 342 2
 227 238 225 326 2
 226 287 240 361 2
 142 132 115 339 2
 222 287 10 356 2
 106 83 96 340 2
 240 287 226 222 2
 233 245 217 338 2
 113 129 138 345 2
 10 224 222 223 2
 98 108 81 341 2
 234 218 244 341 2
 184 199 210 339 2
 205 183 200 340 2
 278 252 267 340 2
 10 226 287 222 2
 255 262 265 347 2
 147 164 152 351 2
 137 115 132 339 2
 133 114 136 338 2
 243 235 216 334 2
 102 99 100 349 2
 162 148 170 344 2
 248 261 271 352 2
 315 9 257 75 2
 123 137 135 357 2
 252 273 267 340 2
 268 247 265 351 2
 212 240 356 361 2
 234 239 218 341 2
 326 334 324 349 2
 63 228 212 361 2
 81 103 98 341 2
 221 231 229 355 2
 113 118 130 345 2
 84 76 85 352 2
 182 209 201 341 2
 136 338 114 360 2
 166 171 145 337 2
 225 227 326 224 2
 240 287 222 356 2
 270 261 248 352 2
 212 228 240 361 2
 315 325 75 347 2
 146 162 173 350 2
 240 222 220 356 2
 326 308 334 344 2
 63 196 228 361 2
 63 212 180 361 2
 265 247 275 351 2
 241 230 213 350 2
 40 117 253 140 2
 9 258 257 256 2
 331 283 293 359 2
 276 40 253 140 2
 116 279 36 251 2
 36 141 279 116 2
 312 349 324 358 2
 227 216 238 349 2
 263 197 68 359 2
 215 221 229 355 2
 300 312 324 358 2
 98 103 77 358 2
 260 258 313 280 2
 326 10 225 224 2
 297 330 317 352 2
 147 152 172 351 2
 203 23 95 353 2
 280 260 258 256 2
 288 291 286 361 2
 97 78 92 337 2
 91 100 77 358 2
 218 201 61 209 2
 277 56 149 269 2
 168 159 170 343 2
 287 356 240 361 2
 195 194 184 346 2
 136 125 134 355 2
 194 195 187 346 2
 132 242 50 219 2
 20 106 267 83 2
 45 208 185 130 2
 124 127 139 360 2
 184 41 115 210 2
 277 16 82 107 2
 131 151 35 174 2
 125 111 134 355 2
 210 41 115 142 2
 66 278 211 252 2
 244 218 61 209 2
 277 56 176 149 2
 198 70 276 208 2
 208 45 140 130 2
 108 30 234 98 2
 166 15 176 107 2
 234 244 30 108 2
 242 142 132 50 2
 20 106 278 267 2
 200 211 25 106 2
 199 242 65 210 2
 141 131 35 174 2
 233 175 55 245 2
 174 268 60 279 2
 289 284 285 346 2
 102 100 91 349 2
 183 66 211 252 2
 266 198 70 276 2
 272 250 261 348 2
 51 243 148 235 2
 200 25 96 106 2
 63 180 196 361 2
 68 181 246 359 2
 242 199 65 232 2
 268 174 60 164 2
 23 79 95 353 2
 107 166 15 97 2
 303 305 304 343 2
 256 280 260 274 2
 175 233 55 165 2
 193 202 179 353 2
 94 85 76 352 2
 132 111 137 357 2
 149 163 171 342 2
 144 152 151 354 2
 175 150 31 114 2
 46 133 217 245 2
 114 31 175 143 2
 177 51 243 148 2
 281 71 287 356 2
 177 109 11 167 2
 92 94 82 348 2
 318 319 327 350 2
 21 108 209 81 2
 68 246 263 359 2
 197 181 68 359 2
 263 197 67 68 2
 162 52 230 53 2
 23 203 179 353 2
 245 46 133 143 2
 62 196 228 63 2
 264 57 163 58 2
 287 71 10 356 2
 280 283 331 359 2
 82 250 16 277 2
 23 179 79 353 2
 80 11 109 167 2
 224 227 326 312 2
 145 159 168 343 2
 232 212 220 356 2
 118 113 138 345 2
 26 109 243 99 2
 182 21 209 81 2
 271 261 250 348 2
 224 326 10 312 2
 72 355 71 357 2
 227 237 216 349 2
 264 269 272 342 2
 152 144 153 354 2
 323 320 301 354 2
 326 312 227 349 2
 110 119 128 347 2
 258 9 280 256 2
 99 243 26 216 2
 288 312 299 358 2
 39 40 117 253 2
 282 289 292 345 2
 196 207 191 361 2
 193 179 203 353 2
 255 249 262 347 2
 116 36 37 251 2
 301 316 323 354 2
 321 320 307 360 2
 74 75 325 347 2
 136 114 127 360 2
 77 101 91 358 2
 297 317 313 352 2
 309 342 314 348 2
 45 185 44 130 2
 195 43 129 42 2
 33 32 161 127 2
 151 35 34 131 2
 217 47 133 46 2
 181 68 246 69 2
 95 79 104 353 2
 176 1 277 107 2
 140 276 7 208 2
 108 244 4 209 2
 142 210 8 242 2
 106 211 3 278 2
 5 141 174 279 2
 219 50 132 49 2
 267 19 20 83 2
 245 175 6 143 2
 64 180 63 212 2
 247 59 58 147 2
 177 2 109 243 2
 263 246 274 359 2
 206 181 197 359 2
 53 54 213 146 2
 326 318 327 344 2
 16 17 250 82 2
 314 309 311 342 2
 69 266 198 70 2
 199 64 65 232 2
 268 59 164 60 2
 137 111 135 357 2
 233 165 54 55 2
 30 29 234 98 2
 262 38 37 128 2
 29 28 214 77 2
 24 25 96 200 2
 101 77 103 358 2
 324 312 326 349 2
 166 14 15 97 2
 145 13 14 78 2
 99 26 27 216 2
 49 111 215 48 2
 44 113 178 43 2
 33 34 112 144 2
 12 13 168 93 2
 110 38 39 249 2
 41 115 42 184 2
 212 240 220 356 2
 24 23 179 79 2
 57 149 56 269 2
 218 201 62 61 2
 72 71 281 357 2
 248 18 19 76 2
 95 22 23 203 2
 311 316 315 351 2
 284 72 281 357 2
 183 67 66 252 2
 32 31 150 114 2
 52 51 148 235 2
 136 127 124 360 2
 182 22 21 81 2
 244 61 4 209 2
 45 140 7 208 2
 1 277 56 176 2
 276 7 40 140 2
 276 70 7 208 2
 8 41 210 142 2
 211 3 25 106 2
 3 20 106 278 2
 5 174 60 279 2
 242 8 142 50 2
 242 210 8 65 2
 245 6 175 55 2
 244 4 30 108 2
 35 5 141 174 2
 278 211 3 66 2
 176 15 1 107 2
 141 5 36 279 2
 245 6 46 143 2
 31 6 175 143 2
 51 2 177 243 2
 17 18 271 94 2
 314 317 309 348 2
 48 229 47 134 2
 12 11 80 167 2
 109 11 2 177 2
 307 71 72 355 2
 108 4 21 209 2
 1 16 277 107 2
 2 26 109 243 2
 207 196 180 361 2
 27 28 100 237 2
 326 327 308 344 2
 288 286 287 361 2
 299 312 300 358 2
 286 356 287 361 2
 281 287 286 356 2
 326 287 10 312 2
 340 331 313 295 2
 340 313 331 273 2
 332 85 87 92 2
 332 87 85 330 2
 342 172 351 163 2
 342 351 172 311 2
 123 345 282 138 2
 282 345 123 284 2
 348 330 352 317 2
 348 352 330 85 2
 156 329 157 154 2
 157 329 156 306 2
 74 118 110 119 2
 110 118 74 333 2
 110 347 74 119 2
 74 347 110 333 2
 227 358 312 236 2
 312 358 227 349 2
 81 203 353 182 2
 353 203 81 95 2
 353 341 81 182 2
 358 300 298 101 2
 298 300 358 299 2
 298 89 358 101 2
 358 89 298 299 2
 354 325 126 301 2
 354 126 325 336 2
 155 327 319 173 2
 155 319 327 310 2
 346 178 129 195 2
 346 129 178 345 2
 42 346 184 115 2
 184 346 42 195 2
 214 358 237 349 2
 214 237 358 77 2
 100 237 358 349 2
 100 358 237 77 2
 241 223 10 318 2
 10 223 241 225 2
 10 326 241 318 2
 241 326 10 225 2
 27 349 99 216 2
 99 349 27 100 2
 314 280 258 9 2
 314 258 280 313 2
 312 287 226 288 2
 312 226 287 10 2
 9 283 256 75 2
 9 256 283 280 2
 81 353 103 341 2
 103 353 81 95 2
 End
