 MeshVersionFormatted 2
 Dimension
 3
 Vertices
 214
                  0.2      -4.8985871965894E-17                       0.7      1
                  0.2      -4.8985871965894E-17                         0      2
     0.18019377358048         0.086776747823512                       0.7      1
     0.12469796037175          0.15636629649361                       0.7      1
    0.044504186791263          0.19498558243636                       0.7      1
   -0.044504186791263          0.19498558243636                       0.7      1
    -0.12469796037175          0.15636629649361                       0.7      1
    -0.18019377358048         0.086776747823513                       0.7      1
                 -0.2       1.2679427235631E-15                       0.7      1
    -0.18019377358048         -0.08677674782351                       0.7      1
    -0.12469796037175          -0.1563662964936                       0.7      1
   -0.044504186791264         -0.19498558243636                       0.7      1
    0.044504186791262         -0.19498558243636                       0.7      1
     0.12469796037175         -0.15636629649361                       0.7      1
     0.18019377358048        -0.086776747823512                       0.7      1
                  0.2      -4.8985871965894E-17                    0.0875      2
                  0.2      -4.8985871965894E-17                     0.175      2
                  0.2      -4.8985871965894E-17                    0.2625      2
                  0.2      -4.8985871965894E-17                      0.35      2
                  0.2      -4.8985871965894E-17                    0.4375      2
                  0.2      -4.8985871965894E-17                     0.525      2
                  0.2      -4.8985871965894E-17                    0.6125      2
     0.18019377358048         0.086776747823512                         0      3
     0.12469796037175          0.15636629649361                         0      3
    0.044504186791263          0.19498558243636                         0      3
   -0.044504186791263          0.19498558243636                         0      3
    -0.12469796037175          0.15636629649361                         0      3
    -0.18019377358048         0.086776747823513                         0      3
                 -0.2       1.2679427235631E-15                         0      3
    -0.18019377358048         -0.08677674782351                         0      3
    -0.12469796037175          -0.1563662964936                         0      3
   -0.044504186791264         -0.19498558243636                         0      3
    0.044504186791262         -0.19498558243636                         0      3
     0.12469796037175         -0.15636629649361                         0      3
     0.18019377358048        -0.086776747823512                         0      3
    -0.19551776920157         0.042104654451053         0.072100872278511      1
   -0.086776747823513         -0.18019377358048          0.62307975856543      1
   -0.089281433502741           0.1789659901537          0.62024683158148      1
     0.18562656684688         0.074449833315053          0.30629128843641      1
     0.18228273314056        -0.082298269719397           0.3074332997746      1
   -0.086776747823513         -0.18019377358048         0.076920241434569      1
        0.18564453125         0.074405026825931                   0.48125      1
     0.18127772001624        -0.084488982865892          0.48483830111677      1
    0.001267686587299          0.19999598238644         0.082085908635651      1
     0.08917535626875         -0.17901887005101          0.08127745178436      1
    -0.19559649573486        -0.041737403563758          0.62044970711619      1
    0.086776747823512          0.18019377358048          0.62307975856543      1
    0.086776747823511         -0.18019377358048          0.62307975856543      1
        0.18564453125         0.074405026825926                   0.13125      1
     0.18564453124938        -0.074405026827491                   0.13125      1
     0.18563074214965         0.074439422142921          0.21876055276541      1
     0.14446930599593          0.13830625302225          0.26263803507883      1
     0.14459443176155          0.13817543306809          0.35012601348705      1
    0.082084683163873           0.1823790141159          0.30653671168092      1
     0.08217133030256          0.18233999143443          0.39479787245078      1
   0.0075190759139629           0.1998586087648          0.35074018273084      1
   0.0076528313062745          0.19985353180016          0.43930439901073      1
   -0.068282539114244          0.18798269827862          0.39512709544383      1
   -0.068365480717151          0.18795254998619          0.30645446032343      1
    -0.13417050843698          0.14831815352735          0.35085791902702      1
    -0.13408801357314          0.14839273774686          0.43963812867707      1
    -0.18020504197513         0.086753344873502          0.39532186733535      1
    -0.18023794697646         0.086684961035406          0.30647747624973      1
    -0.19962559544568         0.012231992599686           0.3509156211855      1
    -0.19982495452262         0.008365856204455           0.2598794872141      1
    -0.18939397714697        -0.064264464678793          0.30635342556543      1
    -0.18944161024155        -0.064123913706903          0.39541971819308      1
    -0.15116475383551         -0.13095501975049          0.35104539444549      1
    -0.18941251377413        -0.064209809420105          0.21759457787718      1
    -0.15121557549968         -0.13089633198185          0.43996871756602      1
    -0.09061108789765         -0.17829646869752          0.39558604839472      1
   -0.090517958414795         -0.17834376693458          0.30683872614441      1
   -0.016611674031726         -0.19930893679377          0.35130640978683      1
   -0.016539209360968         -0.19931496319573          0.26265235205634      1
   -0.016753315529533         -0.19929708080845          0.43992260509474      1
    0.059580842480702         -0.19091915359463          0.39582475236578      1
    -0.18016102854017         0.086844710808137          0.48418848311241      1
     0.08219295003898          0.18233024698028          0.21832087800386      1
     -0.1801058960492         0.086958991532309          0.22044536286602      1
   -0.091790189637871         -0.17769232140485          0.22378832476202      1
    0.080890061148554          0.18291199525286          0.47720097612884      1
    0.057658386251306         -0.19150851285229           0.4782693025686      1
    -0.18897362632937        -0.065490217223084          0.47907262649114      1
   -0.021333584029679         -0.19885894043882          0.17133430098158      1
    0.057910088664782          -0.1914325511266          0.22391429475061      1
   0.0052122105129447          0.19993207061792           0.5241503445979      1
    -0.15310131040352         -0.12868561983658          0.52439159814673      1
   -0.021313341899162         -0.19886111097218          0.52944124637674      1
    -0.13263518136065          0.14969271413608          0.53196390968755      1
    -0.18011896559304         0.086931917232352          0.56310674659146      1
     0.12773685526628         -0.15389378092269          0.43926690972867      1
     0.12709622367674         -0.15442328168742          0.53001493458948      1
     0.12807159048242         -0.15361532381668          0.35127882391828      1
      0.1797714223753        -0.087648363916054           0.5678241653387      1
    0.059092173241173         -0.19107096865206          0.30918791096472      1
     0.12822621800428         -0.15348627631263          0.26371504242246      1
     0.12757623523795         -0.15402695933671          0.17507367227259      1
     0.18127455737375        -0.084495768231023          0.39774942979886      1
     0.17932777224271        -0.088552527363522          0.22245236057271      1
    -0.15122095190302         -0.13089012073317          0.26272385570022      1
    -0.19961807652578         0.012354089369464          0.43929327038554      1
    -0.19975428426179        0.0099108990036704            0.530503877844      1
   -0.092936531147959         -0.17709545781353          0.47525510639944      1
    -0.13410166373941          0.14838040228521          0.26233280765594      1
     -0.1327487688881          0.14959199296317          0.17612727523161      1
   -0.066395630988303          0.18865741487062          0.47661877743209      1
   -0.067954290969477          0.18810160642279          0.21858912005648      1
   0.0076289671209307          0.19985444418543          0.26227375861108      1
     0.18564453124997         0.074405026825999                   0.39375      1
     0.18566616273137         0.074351032384274          0.56865107456149      1
     0.14704918925093          0.13556008240129          0.17680997114348      1
    0.085025177244557          0.18102684672316          0.13499698317935      1
   0.0062879567617153            0.199901129561          0.17476575588597      1
     0.14464558307961          0.13812188565017          0.43722347398115      1
     0.14150934890551          0.14133330878579          0.53258414875434      1
   -0.067889879397781          0.18812486352249           0.1337049555872      1
    -0.12965192113486           0.1522838774987         0.095503264006471      1
   0.0019218617461356           0.1999907659054          0.60258746664229      1
  0.00047723336316267         -0.19999943061998          0.61702299204705      1
  0.00068520604084234         -0.19999882622826         0.083494308403754      1
    -0.15520932889287         -0.12613510306265          0.60273413523642      1
    -0.15455045268124         -0.12694155181037         0.095758810906487      1
    -0.19498558243637        -0.044504186791234         0.076920241434583      1
    -0.19998689158695        0.0022898020413319          0.16292686311777      1
    -0.15227341416029         -0.12966420994233          0.18274129404404      1
     0.15319491206818         -0.12857417670909         0.077289328049745      1
     0.15366393500012          0.12801326134537          0.62543898260292      1
     0.15435119205402          0.12718376276672         0.080588679541167      1
    -0.17767692440759         0.091819989833701          0.13828121797069      1
    -0.19659456342936         0.036750205850045          0.62096507723849      1
    -0.15119271528942           0.1309227361592           0.6207541848785      1
     0.14904447043985         -0.13336321018671          0.62369668689477      1
    0.053236760410839         -0.19278445824537          0.14955546150224      1
    0.052276117517486         -0.19304716402294          0.55268096459146      1
    -0.18642086354289        -0.072437984758851          0.14861940760094      1
   -0.059951836403704          0.19080298035362          0.55024204228986      1
    0.086776747823512          0.18019377358048          0.05713411818524      1
    -0.18653342717492        -0.072147630220121          0.55078924242938      1
   -0.098630357770076         -0.17398865631456          0.15477194892793      1
     0.07395183906282          0.18582552434805          0.54560024581611      1
   -0.099163000680415         -0.17368563353385          0.54398687592286      1
   -0.075625589266421           0.1851506690458         0.061875862620828      1
      0.1889434428942        -0.065577247481779          0.63756171563279      1
     0.18968652718836        -0.063395752249022         0.063799602665917      1
     0.18968652718844         0.063395752248788         0.063799602665794      1
     0.18967053399688          0.06344358543886          0.63614996097731      1
    -0.17094432290405          0.10381733220843         0.065757733118575      1
    -0.11830428638813        -0.027792446481128                       0.7      2
     0.10284797733478         0.026621115365457                       0.7      2
   -0.053961140433088          0.10321515585102                       0.7      2
 -7.3852991885361E-16         -0.11790206976436                       0.7      2
    0.051155790879061          0.10622609431895                       0.7      2
    0.091818467943831        -0.073621918420291                       0.7      2
   -0.063790227838225          -0.1324617729983                       0.7      2
   -0.053043395592229        -0.060322908605883                       0.7      2
    -0.05048761433567         0.016104591660781                       0.7      2
    0.017374130730096        -0.026473850787381                       0.7      2
    -0.11859020824305         0.047001965185546                       0.7      2
    0.013109349029869          0.05027808504001                       0.7      2
  0.00075102036995942          0.14079575603701                       0.7      2
     0.11472387554152         0.093997563500381                       0.7      2
     0.06525515377671         -0.13571896677866                       0.7      2
     0.14371505471477        -0.033444387719587                       0.7      2
    -0.11494601871729        -0.091666391085012                       0.7      2
    -0.11830428638813        -0.027792446481128                         0      3
     0.10284797733478         0.026621115365457                         0      3
   -0.053961140433088          0.10321515585102                         0      3
 -7.3852991885361E-16         -0.11790206976436                         0      3
    0.051155790879061          0.10622609431895                         0      3
    0.091818467943831        -0.073621918420291                         0      3
   -0.063790227838225          -0.1324617729983                         0      3
   -0.053043395592229        -0.060322908605883                         0      3
    -0.05048761433567         0.016104591660781                         0      3
    0.017374130730096        -0.026473850787381                         0      3
    -0.11859020824305         0.047001965185546                         0      3
    0.013109349029869          0.05027808504001                         0      3
  0.00075102036995942          0.14079575603701                         0      3
     0.11472387554152         0.093997563500381                         0      3
     0.06525515377671         -0.13571896677866                         0      3
     0.14371505471477        -0.033444387719587                         0      3
    -0.11494601871729        -0.091666391085012                         0      3
  3.6461358922518E-05       5.3340997562532E-05          0.20010661430759      1
  6.1303217745445E-06       2.7370104434266E-06          0.40016968547572      1
   -0.038769841531185        -0.022543741219626          0.54944961704296      1
   -0.078811538877543        -0.030290890368342          0.11397553608652      1
    0.060868225352978         0.049960868889059          0.30016000475339      1
   -0.055103403101536        -0.056233237236613          0.30011556184398      1
    0.071845327401625         0.055251291542994          0.57814680309325      1
   -0.027580212430441         0.077554814652201          0.11358297641496      1
   -0.059042486748693         0.064487571438237           0.3065947929844      1
    0.070268669499955        -0.033627286730924          0.49472002667943      1
    -0.01504694871199         0.079923181356419          0.48970908618793      1
    0.030780137752175        -0.079683046659063          0.11555282448391      1
    0.078742935260111         0.027602245798601          0.11728208251799      1
    0.057817752809962        -0.063120048923679          0.27745394552222      1
   -0.024359351970753        -0.090009588061749          0.46162438030087      1
   -0.093335554516773       -0.0055823602178802          0.45645903338688      1
   -0.031700708755818         0.088063620209865          0.60474817766685      1
   0.0057362115028421          0.10535911862239          0.21679520083198      1
      -0.105427787376       0.00044374221179153          0.21201436733474      1
    0.040721373072973        -0.089029425205962          0.58417883403521      1
  -0.0072096371397421          0.10359216280244          0.38833793444737      1
    -0.04398774635543        -0.092898857918297           0.1886544494534      1
    0.015771796289953         -0.10081413777989          0.36557148090872      1
    0.089690151878701         0.047869552612738           0.4299117254959      1
     0.10183324480622        0.0069448949111794          0.21574381123949      1
    0.095263218813848        -0.035335248766026          0.36935910996458      1
     0.10598954777176        -0.024824584928877           0.6123682464012      1
   -0.092862949087195        -0.058480085581855          0.61602435183259      1
    -0.10472146761528      -0.00052058507530968          0.36098375657575      1
    -0.07668406823811        -0.087112951524675          0.38497805812958      1
    -0.10631657163415         0.038735948182732          0.53621114312475      1
   -0.043146979222726        -0.098667152439388         0.076198267455758      1
   -0.090029762171595         0.073704132928834          0.41171757004361      1
 Edges
 36
 1 3 1
 3 4 1
 4 5 1
 5 6 1
 6 7 1
 7 8 1
 8 9 1
 9 10 1
 10 11 1
 11 12 1
 12 13 1
 13 14 1
 14 15 1
 15 1 1
 2 16 2
 16 17 2
 17 18 2
 18 19 2
 19 20 2
 20 21 2
 21 22 2
 22 1 2
 2 23 3
 23 24 3
 24 25 3
 25 26 3
 26 27 3
 27 28 3
 28 29 3
 29 30 3
 30 31 3
 31 32 3
 32 33 3
 33 34 3
 34 35 3
 35 2 3
 Triangles
 358
 1 146 3 1
 15 143 1 1
 1 143 22 1
 22 146 1 1
 16 144 2 1
 2 145 16 1
 23 145 2 1
 2 144 35 1
 3 127 4 1
 3 146 127 1
 4 47 5 1
 4 127 47 1
 5 118 6 1
 47 118 5 1
 6 38 7 1
 6 118 38 1
 7 131 8 1
 38 131 7 1
 8 130 9 1
 8 131 130 1
 9 46 10 1
 9 130 46 1
 10 121 11 1
 46 121 10 1
 11 37 12 1
 11 121 37 1
 12 119 13 1
 37 119 12 1
 13 48 14 1
 13 119 48 1
 14 132 15 1
 48 132 14 1
 132 143 15 1
 16 49 17 1
 17 50 16 1
 16 145 49 1
 50 144 16 1
 17 51 18 1
 18 99 17 1
 49 51 17 1
 17 99 50 1
 18 39 19 1
 19 40 18 1
 18 51 39 1
 40 99 18 1
 20 98 19 1
 19 109 20 1
 39 109 19 1
 19 98 40 1
 20 42 21 1
 21 43 20 1
 20 109 42 1
 43 98 20 1
 22 94 21 1
 21 110 22 1
 42 110 21 1
 21 94 43 1
 22 143 94 1
 110 146 22 1
 24 128 23 1
 128 145 23 1
 25 137 24 1
 24 137 128 1
 26 44 25 1
 44 137 25 1
 27 142 26 1
 26 142 44 1
 28 147 27 1
 117 142 27 1
 27 147 117 1
 29 36 28 1
 36 147 28 1
 30 123 29 1
 29 123 36 1
 31 122 30 1
 122 123 30 1
 32 41 31 1
 41 122 31 1
 33 120 32 1
 32 120 41 1
 34 45 33 1
 45 120 33 1
 35 126 34 1
 34 126 45 1
 35 144 126 1
 123 124 36 1
 124 129 36 1
 129 147 36 1
 88 119 37 1
 37 141 88 1
 121 141 37 1
 89 131 38 1
 38 136 89 1
 118 136 38 1
 51 52 39 1
 52 53 39 1
 53 109 39 1
 93 96 40 1
 40 98 93 1
 96 99 40 1
 41 120 84 1
 84 139 41 1
 41 139 122 1
 109 114 42 1
 42 115 110 1
 114 115 42 1
 43 92 91 1
 91 98 43 1
 43 94 92 1
 44 113 112 1
 112 137 44 1
 44 116 113 1
 44 142 116 1
 45 126 97 1
 97 133 45 1
 45 133 120 1
 46 130 102 1
 102 138 46 1
 46 138 121 1
 47 127 115 1
 115 140 47 1
 47 140 118 1
 92 132 48 1
 48 134 92 1
 119 134 48 1
 49 111 51 1
 49 128 111 1
 49 145 128 1
 50 99 97 1
 97 126 50 1
 126 144 50 1
 51 111 52 1
 52 54 53 1
 52 78 54 1
 52 111 78 1
 54 55 53 1
 55 114 53 1
 53 114 109 1
 54 56 55 1
 54 108 56 1
 78 108 54 1
 56 57 55 1
 57 81 55 1
 81 114 55 1
 56 58 57 1
 56 59 58 1
 56 108 59 1
 58 106 57 1
 57 86 81 1
 57 106 86 1
 59 60 58 1
 60 61 58 1
 61 106 58 1
 59 104 60 1
 59 107 104 1
 59 108 107 1
 60 62 61 1
 60 63 62 1
 60 104 63 1
 62 77 61 1
 77 89 61 1
 89 106 61 1
 63 64 62 1
 64 101 62 1
 62 101 77 1
 63 65 64 1
 63 79 65 1
 63 104 79 1
 65 66 64 1
 66 67 64 1
 67 101 64 1
 65 69 66 1
 65 124 69 1
 79 124 65 1
 66 68 67 1
 66 100 68 1
 69 100 66 1
 68 70 67 1
 70 83 67 1
 83 101 67 1
 68 71 70 1
 68 72 71 1
 68 100 72 1
 69 125 100 1
 124 135 69 1
 69 135 125 1
 71 103 70 1
 70 87 83 1
 70 103 87 1
 72 73 71 1
 73 75 71 1
 75 103 71 1
 72 74 73 1
 72 80 74 1
 72 100 80 1
 74 95 73 1
 73 76 75 1
 73 95 76 1
 80 84 74 1
 84 85 74 1
 85 95 74 1
 76 82 75 1
 82 88 75 1
 88 103 75 1
 76 91 82 1
 76 93 91 1
 76 95 93 1
 77 90 89 1
 77 102 90 1
 101 102 77 1
 78 113 108 1
 111 112 78 1
 112 113 78 1
 104 105 79 1
 105 129 79 1
 79 129 124 1
 80 139 84 1
 100 125 80 1
 125 139 80 1
 86 140 81 1
 81 115 114 1
 81 140 115 1
 82 134 88 1
 91 92 82 1
 92 134 82 1
 87 138 83 1
 83 102 101 1
 83 138 102 1
 84 133 85 1
 120 133 84 1
 85 96 95 1
 85 97 96 1
 85 133 97 1
 106 136 86 1
 86 136 118 1
 118 140 86 1
 103 141 87 1
 121 138 87 1
 87 141 121 1
 88 141 103 1
 88 134 119 1
 90 131 89 1
 89 136 106 1
 102 130 90 1
 130 131 90 1
 93 98 91 1
 94 132 92 1
 95 96 93 1
 94 143 132 1
 97 99 96 1
 104 107 105 1
 107 116 105 1
 116 117 105 1
 117 129 105 1
 108 113 107 1
 113 116 107 1
 115 127 110 1
 127 146 110 1
 111 128 112 1
 128 137 112 1
 116 142 117 1
 117 147 129 1
 122 135 123 1
 125 135 122 1
 122 139 125 1
 123 135 124 1
 3 149 1 2
 1 163 15 2
 149 163 1 2
 4 161 3 2
 3 161 149 2
 5 152 4 2
 152 161 4 2
 6 160 5 2
 5 160 152 2
 7 150 6 2
 150 160 6 2
 8 158 7 2
 7 158 150 2
 9 158 8 2
 10 148 9 2
 148 158 9 2
 11 164 10 2
 10 164 148 2
 12 154 11 2
 154 164 11 2
 13 151 12 2
 151 154 12 2
 14 162 13 2
 13 162 151 2
 15 153 14 2
 153 162 14 2
 15 163 153 2
 155 156 148 2
 148 164 155 2
 156 158 148 2
 152 159 149 2
 149 161 152 2
 149 157 153 2
 153 163 149 2
 149 159 157 2
 150 158 156 2
 156 159 150 2
 159 160 150 2
 153 157 151 2
 151 162 153 2
 151 155 154 2
 151 157 155 2
 152 160 159 2
 155 164 154 2
 155 157 156 2
 157 159 156 2
 23 2 166 3
 2 35 180 3
 166 2 180 3
 24 23 178 3
 23 166 178 3
 25 24 169 3
 169 24 178 3
 26 25 177 3
 25 169 177 3
 27 26 167 3
 167 26 177 3
 28 27 175 3
 27 167 175 3
 29 28 175 3
 30 29 165 3
 165 29 175 3
 31 30 181 3
 30 165 181 3
 32 31 171 3
 171 31 181 3
 33 32 168 3
 168 32 171 3
 34 33 179 3
 33 168 179 3
 35 34 170 3
 170 34 179 3
 35 170 180 3
 172 165 173 3
 165 172 181 3
 173 165 175 3
 169 166 176 3
 166 169 178 3
 166 170 174 3
 170 166 180 3
 166 174 176 3
 167 173 175 3
 173 167 176 3
 176 167 177 3
 170 168 174 3
 168 170 179 3
 168 171 172 3
 168 172 174 3
 169 176 177 3
 172 171 181 3
 172 173 174 3
 174 173 176 3
 Tetrahedra
 662
 108 54 56 186 1
 108 199 186 202 1
 108 186 56 202 1
 56 186 54 202 1
 111 52 78 199 1
 105 189 199 200 1
 186 199 52 206 1
 111 199 194 206 1
 104 105 199 200 1
 141 196 184 201 1
 111 52 199 206 1
 174 189 185 193 1
 108 190 199 202 1
 147 129 185 189 1
 137 189 169 194 1
 180 170 144 194 1
 104 199 190 200 1
 141 201 184 209 1
 189 194 112 199 1
 85 195 193 203 1
 129 185 189 200 1
 112 194 111 199 1
 87 138 184 197 1
 189 193 174 194 1
 186 199 190 202 1
 173 185 174 189 1
 129 189 105 200 1
 112 189 137 194 1
 87 184 196 197 1
 157 188 184 198 1
 185 189 182 193 1
 157 184 156 198 1
 138 184 197 212 1
 91 196 191 204 1
 141 87 184 196 1
 74 187 195 203 1
 36 147 129 185 1
 193 195 97 206 1
 147 185 175 189 1
 170 193 144 194 1
 16 180 144 194 1
 182 193 189 194 1
 53 202 186 205 1
 108 190 59 199 1
 104 79 105 200 1
 109 186 39 207 1
 157 184 188 201 1
 182 187 186 190 1
 85 97 193 195 1
 110 42 21 188 1
 74 195 187 204 1
 188 192 115 205 1
 55 202 53 205 1
 81 115 192 205 1
 138 87 184 209 1
 157 159 188 198 1
 91 204 191 207 1
 141 184 87 209 1
 78 112 111 199 1
 193 182 195 206 1
 176 189 174 194 1
 157 156 159 198 1
 50 144 193 194 1
 74 195 85 203 1
 109 205 186 207 1
 82 191 91 196 1
 186 187 183 190 1
 193 195 182 203 1
 82 196 91 204 1
 87 83 138 197 1
 87 196 70 197 1
 169 178 128 194 1
 82 191 196 201 1
 85 193 133 203 1
 53 39 109 186 1
 186 187 182 195 1
 156 184 157 209 1
 176 173 174 189 1
 138 209 184 212 1
 50 194 193 206 1
 183 187 186 195 1
 141 88 196 201 1
 157 201 188 208 1
 53 186 109 205 1
 194 199 182 206 1
 175 147 36 185 1
 19 109 39 207 1
 74 187 72 204 1
 18 186 206 207 1
 81 192 202 205 1
 118 86 140 198 1
 82 91 76 204 1
 183 184 191 192 1
 118 140 188 198 1
 50 193 97 206 1
 158 198 209 212 1
 187 200 66 210 1
 195 206 186 207 1
 182 199 189 200 1
 82 196 134 201 1
 74 95 195 204 1
 113 189 112 199 1
 105 189 116 199 1
 188 191 21 208 1
 37 201 141 209 1
 135 125 185 200 1
 80 187 74 203 1
 157 201 155 209 1
 81 202 55 205 1
 72 74 80 187 1
 182 194 189 199 1
 73 74 72 204 1
 137 44 169 189 1
 157 184 201 209 1
 156 198 184 209 1
 183 191 184 196 1
 69 66 100 200 1
 66 187 100 200 1
 104 190 79 200 1
 65 200 190 210 1
 100 200 187 203 1
 137 169 128 194 1
 161 127 146 188 1
 144 170 126 193 1
 184 192 183 197 1
 125 69 100 200 1
 110 188 21 208 1
 99 97 195 206 1
 42 188 115 205 1
 125 200 100 203 1
 87 70 83 197 1
 63 65 190 210 1
 183 196 184 197 1
 65 66 200 210 1
 175 185 173 189 1
 165 123 181 185 1
 155 156 157 209 1
 16 166 180 194 1
 137 112 44 189 1
 149 161 146 188 1
 161 152 127 188 1
 191 192 188 205 1
 185 200 125 203 1
 147 167 117 189 1
 85 97 133 193 1
 44 177 169 189 1
 81 192 57 202 1
 107 104 105 199 1
 144 126 50 193 1
 158 209 130 212 1
 107 105 116 199 1
 39 52 51 186 1
 112 137 128 194 1
 138 197 83 212 1
 166 170 180 194 1
 129 124 185 200 1
 172 174 173 185 1
 63 190 65 200 1
 136 192 86 198 1
 188 191 184 192 1
 174 193 185 213 1
 176 169 189 194 1
 155 201 151 209 1
 82 92 191 201 1
 147 117 129 189 1
 182 189 185 200 1
 191 196 183 204 1
 174 185 172 213 1
 192 212 89 214 1
 111 51 52 206 1
 181 172 165 185 1
 155 151 154 209 1
 99 50 97 206 1
 74 95 85 195 1
 39 186 51 206 1
 191 204 183 207 1
 51 186 52 206 1
 156 158 198 209 1
 182 190 186 199 1
 115 42 110 188 1
 187 190 182 200 1
 187 195 183 204 1
 59 190 104 199 1
 100 187 80 203 1
 129 117 105 189 1
 172 185 181 213 1
 61 192 89 214 1
 70 197 196 211 1
 87 103 70 196 1
 36 129 124 185 1
 81 57 55 202 1
 169 137 128 178 1
 43 191 20 207 1
 147 175 167 189 1
 50 16 144 194 1
 183 195 186 207 1
 107 59 104 199 1
 166 145 178 194 1
 190 199 182 200 1
 129 105 79 200 1
 128 178 145 194 1
 72 80 100 187 1
 88 134 196 201 1
 184 191 188 201 1
 72 204 187 211 1
 190 200 187 210 1
 59 60 190 202 1
 141 103 87 196 1
 174 193 170 194 1
 111 194 49 206 1
 36 123 165 185 1
 82 88 134 196 1
 116 189 113 199 1
 168 120 179 193 1
 18 186 39 206 1
 191 205 20 207 1
 91 82 92 191 1
 166 178 169 194 1
 98 43 20 207 1
 181 123 122 185 1
 193 194 182 206 1
 46 209 138 212 1
 79 190 63 200 1
 56 54 55 202 1
 21 20 191 205 1
 152 188 159 198 1
 81 140 86 192 1
 135 69 125 200 1
 179 120 45 193 1
 184 209 198 212 1
 59 58 60 202 1
 81 55 114 205 1
 138 83 102 212 1
 66 68 187 211 1
 182 195 187 203 1
 73 95 74 204 1
 181 185 122 213 1
 177 137 44 169 1
 175 36 165 185 1
 122 185 125 203 1
 66 187 210 211 1
 111 49 51 206 1
 44 112 113 189 1
 183 192 191 205 1
 118 136 86 198 1
 82 134 92 201 1
 37 88 141 201 1
 136 89 192 198 1
 72 73 204 211 1
 186 182 199 206 1
 122 185 203 213 1
 167 142 117 189 1
 186 190 183 202 1
 157 151 155 201 1
 186 202 183 205 1
 110 146 188 208 1
 90 131 130 212 1
 157 188 159 208 1
 21 42 20 205 1
 167 177 142 189 1
 191 201 94 208 1
 37 119 88 201 1
 113 112 78 199 1
 63 210 190 214 1
 149 188 146 208 1
 81 114 115 205 1
 70 67 197 211 1
 183 204 195 207 1
 63 190 60 214 1
 54 52 53 186 1
 94 21 191 208 1
 162 119 151 201 1
 149 159 188 208 1
 106 89 61 192 1
 79 104 63 190 1
 100 66 68 187 1
 85 96 97 195 1
 174 170 166 194 1
 190 202 60 214 1
 183 190 187 210 1
 86 57 81 192 1
 93 204 91 207 1
 75 204 71 211 1
 112 128 111 194 1
 18 40 19 207 1
 89 192 198 212 1
 16 145 166 194 1
 83 197 102 212 1
 48 119 162 201 1
 75 196 204 211 1
 142 177 44 189 1
 188 201 191 208 1
 55 53 114 205 1
 184 196 191 201 1
 188 192 184 198 1
 106 202 192 214 1
 161 149 152 188 1
 160 152 159 198 1
 53 52 39 186 1
 117 116 105 189 1
 67 83 70 197 1
 122 203 139 213 1
 140 47 118 188 1
 17 194 50 206 1
 61 106 192 214 1
 122 135 125 185 1
 122 125 139 203 1
 62 210 63 214 1
 46 138 102 212 1
 158 148 130 209 1
 100 68 72 187 1
 175 173 167 189 1
 58 202 106 214 1
 75 71 196 211 1
 99 195 40 206 1
 85 133 84 203 1
 63 64 65 210 1
 94 191 92 201 1
 165 172 173 185 1
 44 113 116 189 1
 153 132 162 201 1
 130 209 46 212 1
 75 73 71 204 1
 62 63 60 214 1
 99 97 96 195 1
 149 157 159 208 1
 146 127 110 188 1
 175 165 173 185 1
 136 89 106 192 1
 156 148 158 209 1
 57 192 106 202 1
 187 200 182 203 1
 58 60 202 214 1
 183 186 205 207 1
 93 195 95 204 1
 16 50 17 194 1
 107 116 113 199 1
 185 193 182 203 1
 72 187 68 211 1
 69 65 66 200 1
 128 49 111 194 1
 36 124 123 185 1
 93 76 91 204 1
 79 63 65 200 1
 162 132 48 201 1
 177 176 169 189 1
 93 195 204 207 1
 47 127 152 188 1
 65 64 66 210 1
 176 166 169 194 1
 135 185 124 200 1
 72 71 73 211 1
 99 40 18 206 1
 17 49 16 194 1
 21 20 43 191 1
 160 150 38 198 1
 67 210 197 211 1
 97 50 126 193 1
 18 39 51 206 1
 43 94 21 191 1
 145 16 166 180 1
 125 100 80 203 1
 170 168 179 193 1
 176 174 166 194 1
 49 194 17 206 1
 101 197 77 212 1
 182 186 195 206 1
 77 212 197 214 1
 107 108 59 199 1
 183 202 192 205 1
 46 130 148 209 1
 183 190 210 214 1
 124 135 123 185 1
 93 40 195 207 1
 192 197 184 212 1
 183 202 190 214 1
 91 92 43 191 1
 59 60 104 190 1
 142 44 116 189 1
 177 167 176 189 1
 162 151 153 201 1
 95 96 85 195 1
 110 21 22 208 1
 84 203 193 213 1
 133 193 84 203 1
 160 159 150 198 1
 116 117 142 189 1
 160 38 118 198 1
 70 196 103 211 1
 86 106 57 192 1
 71 204 73 211 1
 58 57 106 202 1
 136 106 86 192 1
 197 212 192 214 1
 168 120 193 213 1
 183 197 192 214 1
 74 85 84 203 1
 154 37 164 209 1
 77 197 101 214 1
 62 101 210 214 1
 114 42 115 205 1
 182 200 185 203 1
 173 176 167 189 1
 16 49 145 194 1
 101 197 67 210 1
 197 210 101 214 1
 43 92 94 191 1
 61 58 106 214 1
 59 56 58 202 1
 191 183 205 207 1
 63 104 60 190 1
 84 193 120 213 1
 187 204 183 211 1
 154 164 155 209 1
 95 93 96 195 1
 110 22 146 208 1
 187 183 210 211 1
 149 159 152 188 1
 2 16 145 180 1
 163 149 22 208 1
 51 49 17 206 1
 102 197 101 212 1
 146 22 163 149 1
 130 46 102 212 1
 196 197 183 211 1
 192 184 198 212 1
 62 64 63 210 1
 131 90 89 212 1
 84 139 203 213 1
 141 87 121 209 1
 183 192 202 214 1
 103 196 71 211 1
 40 96 93 195 1
 84 133 120 193 1
 102 101 77 212 1
 94 201 132 208 1
 62 77 101 214 1
 53 109 114 205 1
 141 88 103 196 1
 93 91 98 207 1
 171 181 41 213 1
 132 201 153 208 1
 71 103 75 196 1
 150 158 131 198 1
 115 110 127 188 1
 131 89 198 212 1
 49 128 145 194 1
 67 101 83 197 1
 157 153 201 208 1
 64 62 101 210 1
 197 210 183 211 1
 75 76 73 204 1
 122 123 135 185 1
 140 115 47 188 1
 70 103 71 211 1
 88 119 134 201 1
 99 17 50 206 1
 97 126 45 193 1
 115 127 47 188 1
 171 120 168 213 1
 75 88 82 196 1
 99 96 40 195 1
 45 133 97 193 1
 183 204 196 211 1
 131 38 150 198 1
 132 94 92 201 1
 102 83 101 197 1
 157 153 151 201 1
 163 1 22 146 1
 136 38 89 198 1
 162 13 151 119 1
 150 159 156 198 1
 168 179 120 33 1
 146 163 1 149 1
 145 166 2 180 1
 168 170 174 193 1
 57 56 55 202 1
 64 101 67 210 1
 193 203 185 213 1
 147 167 27 117 1
 22 149 146 208 1
 45 120 133 193 1
 168 171 32 120 1
 151 12 154 119 1
 174 168 193 213 1
 136 118 38 198 1
 138 121 87 209 1
 156 158 150 198 1
 183 210 197 214 1
 113 78 108 199 1
 179 45 120 33 1
 93 95 76 204 1
 156 155 148 209 1
 64 67 66 210 1
 13 162 48 119 1
 129 79 124 200 1
 153 163 143 208 1
 167 142 27 117 1
 29 123 165 36 1
 80 74 84 203 1
 135 124 69 200 1
 72 68 71 211 1
 37 121 164 209 1
 10 164 121 209 1
 30 181 165 123 1
 41 120 171 213 1
 75 103 88 196 1
 94 22 21 208 1
 41 181 122 213 1
 31 41 171 181 1
 57 58 56 202 1
 76 95 73 204 1
 131 89 38 198 1
 58 61 60 214 1
 37 164 11 154 1
 20 19 98 207 1
 172 181 171 213 1
 42 109 20 205 1
 70 68 67 211 1
 93 98 40 207 1
 143 132 153 208 1
 84 41 139 213 1
 113 108 107 199 1
 12 37 154 119 1
 37 141 121 209 1
 84 120 41 213 1
 171 41 32 120 1
 180 35 144 170 1
 46 130 9 148 1
 181 30 122 123 1
 162 153 14 132 1
 34 170 179 126 1
 48 134 119 201 1
 48 132 92 201 1
 174 172 168 213 1
 134 48 92 201 1
 80 139 125 203 1
 27 175 167 147 1
 22 143 163 208 1
 17 99 18 206 1
 42 114 109 205 1
 90 130 102 212 1
 130 158 9 148 1
 157 149 153 208 1
 165 29 36 175 1
 143 153 15 163 1
 62 61 77 214 1
 24 128 137 178 1
 179 45 34 126 1
 150 38 6 160 1
 19 40 98 207 1
 89 90 77 212 1
 160 38 6 118 1
 161 146 3 149 1
 166 178 145 23 1
 169 24 137 178 1
 163 153 149 208 1
 48 162 14 132 1
 139 41 122 213 1
 65 124 79 200 1
 38 7 131 150 1
 70 71 68 211 1
 7 131 150 158 1
 41 31 122 181 1
 121 164 11 37 1
 65 69 124 200 1
 137 44 25 177 1
 51 17 18 206 1
 62 60 61 214 1
 143 94 132 208 1
 132 153 15 143 1
 158 8 131 130 1
 148 155 164 209 1
 170 35 144 126 1
 10 121 46 209 1
 151 13 12 119 1
 120 32 168 33 1
 142 167 26 177 1
 180 2 16 144 1
 44 142 26 177 1
 102 77 90 212 1
 118 5 160 47 1
 22 94 143 208 1
 1 3 146 149 1
 145 2 166 23 1
 5 152 160 47 1
 46 121 138 209 1
 177 25 137 169 1
 153 15 14 132 1
 84 139 80 203 1
 3 146 161 127 1
 164 11 10 121 1
 30 122 31 181 1
 35 170 34 126 1
 145 178 128 23 1
 143 1 22 163 1
 131 7 8 158 1
 27 28 175 147 1
 123 165 30 29 1
 46 9 10 148 1
 179 45 33 34 1
 24 128 178 23 1
 161 4 3 127 1
 172 171 168 213 1
 142 26 167 27 1
 160 6 5 118 1
 162 14 13 48 1
 6 7 38 150 1
 152 5 4 47 1
 24 137 25 169 1
 9 8 158 130 1
 25 44 26 177 1
 28 36 29 175 1
 28 36 175 147 1
 2 180 35 144 1
 15 1 143 163 1
 41 32 31 171 1
 37 11 12 154 1
 202 108 59 56 1
 202 59 108 190 1
 198 140 192 86 1
 198 192 140 188 1
 202 53 54 55 1
 202 54 53 186 1
 108 199 54 186 1
 108 54 199 78 1
 52 54 199 186 1
 52 199 54 78 1
 115 192 140 81 1
 140 192 115 188 1
 204 82 75 76 1
 204 75 82 196 1
 39 207 18 19 1
 18 207 39 186 1
 89 214 77 61 1
 77 214 89 212 1
 212 158 131 130 1
 212 131 158 198 1
 205 21 188 191 1
 205 188 21 42 1
 207 43 91 98 1
 207 91 43 191 1
 206 40 207 195 1
 206 207 40 18 1
 47 188 198 118 1
 198 188 47 152 1
 198 160 47 118 1
 47 160 198 152 1
 211 66 67 210 1
 211 67 66 68 1
 179 126 193 45 1
 193 126 179 170 1
 152 127 4 161 1
 4 127 152 47 1
 207 109 20 19 1
 207 20 109 205 1
 154 119 201 151 1
 201 119 154 37 1
 201 209 154 151 1
 154 209 201 37 1
 209 10 148 46 1
 209 148 10 164 1
 End
